-0.253456 -0.155954 -0.550533 -0.1148 -0.172756 -0.00350701 0.204148 -0.374766 -0.509147 
Layer 3 Weights: 0.274237 0.0497989 -0.308097 0.144384 -0.433441 -0.402184 -0.180822 -0.445961 -0.332313 
0.364299 -0.300264 0.379268 -0.0455856 0.166487 0.22572 -0.386398 -0.259951 0.0417192 
-0.32095 -0.155754 -0.228202 -0.408528 -0.449971 0.210745 -0.1927 0.370711 0.334499 
-0.445431 0.236618 -0.401378 -0.386689 0.260726 -0.338586 0.253852 0.0483918 -0.0759449 
-0.0561589 0.342811 -0.0675956 0.105424 -0.356322 -0.138243 0.151148 0.335326 0.399686 
-0.306101 -0.158755 -0.00158235 -0.382499 -0.452163 -0.140607 -0.189228 0.0902477 -0.409564 
0.0891119 -0.137765 -0.448203 -0.354635 0.141906 -0.467077 0.416282 -0.252379 0.089394 
0.389528 -0.0528134 -0.239511 -0.349758 0.232969 -0.0132243 -0.0296239 0.393725 0.112916 
-0.31456 -0.164698 -0.349898 0.194986 0.0290034 -0.224705 -0.201322 -0.156626 -0.316358 
Loss: 12.4201
Layer 1 Probabilities: 0 0 0 0 0 0 0 0 0 
Layer 2 Probabilities: 0 0 0 0 0 0 0 0 0 
Layer 3 Probabilities: 0.0368247 0.0363242 0.0367598 0.180843 0.0941313 0.0367921 0.50445 0.037115 0.0367597 
Layer 1 Error: 1 1 1 1 1 1 1 1 1 
Layer 2 Error: 1 1 1 1 1 1 1 1 1 
Layer 3 Error: -0.0368247 -0.0363242 -0.0367598 -0.180843 -0.0941313 -0.0367921 0.49555 -0.037115 -0.0367597 
Process: 36 | Time taken: 663 microseconds | Errors below threshold: 6/9
Layer 1 Outputs: 1.66715 1.54782 2.63146 1.10295 1.46165 2.56663 3.14971 1.87504 1.96844 
Layer 2 Outputs: -0.0194915 -0.0166949 -0.0077497 -0.00919072 -0.074909 -0.0722935 6.90749 -0.0795952 -0.0378221 
Layer 3 Outputs: -0.0113453 -0.0267333 -0.0133038 1.77884 1.04386 -0.012326 2.9326 -0.00248371 -0.0133232 
Layer 1 Weights: 0.6928 -0.562528 -0.503306 -0.107497 -0.192889 -0.0707374 -0.0619426 0.713048 0.319936 
-0.0303709 -0.481306 -0.329687 -0.487873 -0.0346969 0.0556593 0.380554 0.348973 0.229236 
0.553724 -0.78349 -0.730417 -0.319474 -0.541685 -0.277572 0.029221 0.648032 0.69448 
0.544907 -0.796342 -0.618896 -0.270322 0.0797667 -0.0747994 0.0543649 -0.0324877 -0.0782301 
0.240267 -0.0558294 -0.147362 -0.801689 -0.111389 -0.368717 0.0653316 0.0663358 0.698951 
-0.0843068 -0.71945 -0.529071 -0.241945 -0.743463 -0.255886 0.0468875 0.439698 0.681925 
0.82386 -0.484389 -0.737856 -0.291225 -0.690058 -0.00506191 0.80333 0.578956 0.582744 
0.0423512 -0.0549917 -0.0759209 -0.511221 -0.725156 -0.280907 -0.0858381 0.511656 0.547816 
0.370658 -0.666561 -0.397814 -0.407836 -0.119268 -0.315017 -0.0951737 0.695104 0.690321 
Layer 2 Weights: 0.350726 -0.374657 -0.0908934 -0.220746 -0.339698 0.212913 -0.23039 0.00978012 -0.326901 
-0.191308 -0.253367 0.121388 -0.129804 0.289264 -0.371989 -0.0381843 -0.128178 -0.0263201 
0.384774 0.0232763 -0.396614 -0.38878 0.354665 -0.593323 0.23139 0.0349348 0.200461 
0.169198 -0.0113698 -0.39443 0.344238 0.156399 -0.000593161 0.107201 -0.440217 -0.0355249 
-0.0843138 0.133817 -0.732685 -0.117119 -0.391283 -0.338512 -0.739966 -0.263449 -0.449469 
-0.185045 -0.110325 -0.397125 0.0853629 0.0650049 -0.830571 -0.684333 -0.344765 -0.319084 
0.496837 -0.0952209 0.208758 0.0571173 0.182629 0.722065 0.450687 0.76014 0.144757 
-0.164955 -0.17541 -0.562784 0.0728473 -0.27404 -0.383962 -0.737748 -0.696618 -0.337274 
-0.265045 -0.166931 -0.551384 -0.120055 -0.182915 -0.00438547 0.203412 -0.381579 -0.512068 
Layer 3 Weights: 0.274237 0.0497989 -0.308097 0.144384 -0.433441 -0.402184 -0.180822 -0.445961 -0.332313 
0.364299 -0.300264 0.379268 -0.0455856 0.166487 0.22572 -0.386398 -0.259951 0.0417192 
-0.32095 -0.155754 -0.228202 -0.408528 -0.449971 0.210745 -0.1927 0.370711 0.334499 
-0.445431 0.236618 -0.401378 -0.386689 0.260726 -0.338586 0.253852 0.0483918 -0.0759449 
-0.0561589 0.342811 -0.0675956 0.105424 -0.356322 -0.138243 0.151148 0.335326 0.399686 
-0.306101 -0.158755 -0.00158235 -0.382499 -0.452163 -0.140607 -0.189228 0.0902477 -0.409564 
0.0891119 -0.137765 -0.448203 -0.354635 0.141906 -0.467077 0.416282 -0.252379 0.089394 
0.389528 -0.0528134 -0.239511 -0.349758 0.232969 -0.0132243 -0.0296239 0.393725 0.112916 
-0.31456 -0.164698 -0.349898 0.194986 0.0290034 -0.224705 -0.201322 -0.156626 -0.316358 
Loss: 12.5527
Layer 1 Probabilities: 0 0 0 0 0 0 0 0 0 
Layer 2 Probabilities: 0 0 0 0 0 0 0 0 0 
Layer 3 Probabilities: 0.033115 0.0326376 0.0330535 0.179322 0.0896482 0.0330842 0.532694 0.0333927 0.0330531 
Layer 1 Error: 1 1 1 1 1 1 1 1 1 
Layer 2 Error: 1 1 1 1 1 1 1 1 1 
Layer 3 Error: -0.033115 -0.0326376 -0.0330535 -0.179322 -0.0896482 -0.0330842 0.467306 -0.0333927 -0.0330531 
Process: 37 | Time taken: 717 microseconds | Errors below threshold: 6/9
Layer 1 Outputs: 1.73018 1.61238 2.68818 1.17367 1.52778 2.62335 3.20643 1.93442 2.02647 
Layer 2 Outputs: -0.020865 -0.0177264 -0.0082217 -0.0101624 -0.0790844 -0.0759237 7.3109 -0.0835818 -0.0398776 
Layer 3 Outputs: -0.0120217 -0.0283009 -0.0140806 1.88229 1.10432 -0.013051 3.10304 -0.00263076 -0.0141099 
Layer 1 Weights: 0.703829 -0.573557 -0.514335 -0.118526 -0.203919 -0.0817667 -0.0509133 0.724077 0.330966 
-0.0190722 -0.492605 -0.340986 -0.499172 -0.0459956 0.0443607 0.391853 0.360272 0.240535 
0.56365 -0.793416 -0.740343 -0.3294 -0.551611 -0.287498 0.0391472 0.657958 0.704406 
0.557284 -0.808719 -0.631274 -0.282699 0.0673894 -0.0871768 0.0667422 -0.0201104 -0.0658527 
0.25184 -0.0674024 -0.158935 -0.813262 -0.122962 -0.38029 0.0769046 0.0779089 0.710524 
-0.0743807 -0.729376 -0.538997 -0.251871 -0.753389 -0.265812 0.0568137 0.449624 0.691852 
0.833786 -0.494315 -0.747782 -0.301151 -0.699984 -0.0149881 0.813256 0.588882 0.59267 
0.0527427 -0.0653832 -0.0863124 -0.521613 -0.735548 -0.291299 -0.0754466 0.522048 0.558208 
0.380811 -0.676715 -0.407968 -0.41799 -0.129422 -0.325171 -0.0850201 0.705258 0.700475 
Layer 2 Weights: 0.339333 -0.385361 -0.0917855 -0.225509 -0.349483 0.212005 -0.231208 0.00770121 -0.328392 
-0.195295 -0.264021 0.120375 -0.134278 0.279587 -0.373014 -0.039134 -0.129752 -0.0276619 
0.382751 0.0211869 -0.398404 -0.393477 0.352494 -0.595135 0.229734 0.0329781 0.198512 
0.160048 -0.025149 -0.395926 0.332762 0.142795 -0.00212486 0.105874 -0.443539 -0.038094 
-0.0977556 0.120203 -0.744545 -0.131029 -0.40501 -0.350455 -0.751275 -0.2765 -0.462331 
-0.197161 -0.122804 -0.406703 0.0718942 0.052266 -0.840257 -0.693238 -0.35615 -0.330144 
0.509906 -0.0819036 0.219786 0.070956 0.196114 0.73319 0.46109 0.772669 0.157032 
-0.177085 -0.187902 -0.572384 0.0593727 -0.28679 -0.39367 -0.746675 -0.70802 -0.348352 
-0.276478 -0.177826 -0.552185 -0.125535 -0.193063 -0.00521407 0.202723 -0.388288 -0.514927 
Layer 3 Weights: 0.274237 0.0497989 -0.308097 0.144384 -0.433441 -0.402184 -0.180822 -0.445961 -0.332313 
0.364299 -0.300264 0.379268 -0.0455856 0.166487 0.22572 -0.386398 -0.259951 0.0417192 
-0.32095 -0.155754 -0.228202 -0.408528 -0.449971 0.210745 -0.1927 0.370711 0.334499 
-0.445431 0.236618 -0.401378 -0.386689 0.260726 -0.338586 0.253852 0.0483918 -0.0759449 
-0.0561589 0.342811 -0.0675956 0.105424 -0.356322 -0.138243 0.151148 0.335326 0.399686 
-0.306101 -0.158755 -0.00158235 -0.382499 -0.452163 -0.140607 -0.189228 0.0902477 -0.409564 
0.0891119 -0.137765 -0.448203 -0.354635 0.141906 -0.467077 0.416282 -0.252379 0.089394 
0.389528 -0.0528134 -0.239511 -0.349758 0.232969 -0.0132243 -0.0296239 0.393725 0.112916 
-0.31456 -0.164698 -0.349898 0.194986 0.0290034 -0.224705 -0.201322 -0.156626 -0.316358 
Loss: 12.6708
Layer 1 Probabilities: 0 0 0 0 0 0 0 0 0 
Layer 2 Probabilities: 0 0 0 0 0 0 0 0 0 
Layer 3 Probabilities: 0.0295486 0.0290974 0.0294908 0.177013 0.08488 0.0295196 0.561149 0.0298116 0.0294902 
Layer 1 Error: 1 1 1 1 1 1 1 1 1 
Layer 2 Error: 1 1 1 1 1 1 1 1 1 
Layer 3 Error: -0.0295486 -0.0290974 -0.0294908 -0.177013 -0.08488 -0.0295196 0.438851 -0.0298116 -0.0294902 
Process: 38 | Time taken: 780 microseconds | Errors below threshold: 6/9
Layer 1 Outputs: 1.79312 1.67686 2.74488 1.24443 1.59383 2.68005 3.26313 1.99375 2.08445 
Layer 2 Outputs: -0.0222802 -0.0187902 -0.00869317 -0.0112231 -0.0833888 -0.0796273 7.72584 -0.0876417 -0.0419821 
Layer 3 Outputs: -0.0127178 -0.0299134 -0.0148791 1.98869 1.16651 -0.0137965 3.27833 -0.00278169 -0.0149194 
Layer 1 Weights: 0.714844 -0.584572 -0.52535 -0.129541 -0.214934 -0.0927815 -0.0398985 0.735092 0.34198 
-0.00778856 -0.503889 -0.352269 -0.510456 -0.0572793 0.033077 0.403137 0.371555 0.251819 
0.573572 -0.803339 -0.750265 -0.339322 -0.561533 -0.29742 0.0490695 0.66788 0.714328 
0.569667 -0.821102 -0.643656 -0.295082 0.0550066 -0.0995596 0.079125 -0.00772757 -0.0534699 
0.263399 -0.0789612 -0.170493 -0.824821 -0.134521 -0.391849 0.0884635 0.0894677 0.722083 
-0.0644583 -0.739298 -0.548919 -0.261794 -0.763311 -0.275734 0.066736 0.459547 0.701774 
0.843709 -0.504237 -0.757705 -0.311073 -0.709907 -0.0249104 0.823179 0.598805 0.602592 
0.0631248 -0.0757653 -0.0966945 -0.531995 -0.74593 -0.301681 -0.0650645 0.53243 0.56859 
0.390958 -0.686862 -0.418115 -0.428136 -0.139569 -0.335317 -0.0748731 0.715405 0.710621 
Layer 2 Weights: 0.328137 -0.395942 -0.0926148 -0.230449 -0.359218 0.21116 -0.231965 0.0056899 -0.329817 
-0.199215 -0.27455 0.119439 -0.138933 0.269959 -0.373963 -0.040009 -0.131253 -0.0289279 
0.380877 0.0192436 -0.400048 -0.398225 0.350466 -0.596799 0.228215 0.0311721 0.196715 
0.150594 -0.0390574 -0.39738 0.3208 0.129024 -0.00361564 0.104597 -0.446936 -0.0406905 
-0.111168 0.106597 -0.756303 -0.145058 -0.41875 -0.362297 -0.762472 -0.28949 -0.475121 
-0.20904 -0.135074 -0.415984 0.058464 0.0397122 -0.849647 -0.701845 -0.367264 -0.340923 
0.522909 -0.0686298 0.230669 0.084889 0.209576 0.744171 0.471336 0.785096 0.169194 
-0.188982 -0.200187 -0.581688 0.0459347 -0.299358 -0.403083 -0.755305 -0.719154 -0.359152 
-0.28771 -0.188588 -0.552939 -0.131183 -0.203142 -0.00599468 0.20208 -0.394863 -0.517712 
Layer 3 Weights: 0.274237 0.0497989 -0.308097 0.144384 -0.433441 -0.402184 -0.180822 -0.445961 -0.332313 
0.364299 -0.300264 0.379268 -0.0455856 0.166487 0.22572 -0.386398 -0.259951 0.0417192 
-0.32095 -0.155754 -0.228202 -0.408528 -0.449971 0.210745 -0.1927 0.370711 0.334499 
-0.445431 0.236618 -0.401378 -0.386689 0.260726 -0.338586 0.253852 0.0483918 -0.0759449 
-0.0561589 0.342811 -0.0675956 0.105424 -0.356322 -0.138243 0.151148 0.335326 0.399686 
-0.306101 -0.158755 -0.00158235 -0.382499 -0.452163 -0.140607 -0.189228 0.0902477 -0.409564 
0.0891119 -0.137765 -0.448203 -0.354635 0.141906 -0.467077 0.416282 -0.252379 0.089394 
0.389528 -0.0528134 -0.239511 -0.349758 0.232969 -0.0132243 -0.0296239 0.393725 0.112916 
-0.31456 -0.164698 -0.349898 0.194986 0.0290034 -0.224705 -0.201322 -0.156626 -0.316358 
Loss: 12.7754
Layer 1 Probabilities: 0 0 0 0 0 0 0 0 0 
Layer 2 Probabilities: 0 0 0 0 0 0 0 0 0 
Layer 3 Probabilities: 0.0261612 0.0257388 0.0261074 0.173918 0.0798873 0.0261343 0.589538 0.0264081 0.0261067 
Layer 1 Error: 1 1 1 1 1 1 1 1 1 
Layer 2 Error: 1 1 1 1 1 1 1 1 1 
Layer 3 Error: -0.0261612 -0.0257388 -0.0261074 -0.173918 -0.0798873 -0.0261343 0.410462 -0.0264081 -0.0261067 
Process: 39 | Time taken: 52179 microseconds | Errors below threshold: 6/9
Layer 1 Outputs: 1.85597 1.74124 2.80156 1.31518 1.65979 2.73673 3.31981 2.05302 2.14239 
Layer 2 Outputs: -0.023733 -0.0198832 -0.00916362 -0.0123732 -0.0878157 -0.0833937 8.15168 -0.0917645 -0.0441305 
Layer 3 Outputs: -0.0134327 -0.0315681 -0.0156981 2.0979 1.23035 -0.0145613 3.45822 -0.00293625 -0.0157505 
Layer 1 Weights: 0.725843 -0.595571 -0.536349 -0.14054 -0.225933 -0.103781 -0.0288992 0.746091 0.35298 
0.00347833 -0.515155 -0.363536 -0.521723 -0.0685461 0.0218101 0.414404 0.382822 0.263086 
0.583491 -0.813257 -0.760184 -0.34924 -0.571452 -0.307339 0.0589879 0.677799 0.724247 
0.582048 -0.833483 -0.656037 -0.307462 0.0426262 -0.11194 0.0915054 0.00465286 -0.0410895 
0.274941 -0.0905033 -0.182036 -0.836363 -0.146063 -0.403391 0.100006 0.10101 0.733625 
-0.05454 -0.749216 -0.558838 -0.271712 -0.77323 -0.285653 0.0766543 0.469465 0.711692 
0.853627 -0.514156 -0.767623 -0.320991 -0.719825 -0.0348288 0.833097 0.608723 0.612511 
0.0734972 -0.0861377 -0.107067 -0.542367 -0.756302 -0.312053 -0.0546921 0.542802 0.578962 
0.401098 -0.697002 -0.428255 -0.438276 -0.149709 -0.345457 -0.0647331 0.725545 0.720761 
Layer 2 Weights: 0.317183 -0.40635 -0.0933854 -0.23551 -0.368847 0.210374 -0.232665 0.00375054 -0.331177 
-0.203048 -0.284906 0.118574 -0.143715 0.260435 -0.37484 -0.0408149 -0.132679 -0.0301207 
0.37914 0.0174366 -0.401557 -0.402989 0.348573 -0.598327 0.226822 0.0295059 0.195059 
0.140867 -0.0530731 -0.398795 0.308421 0.115112 -0.00506993 0.103367 -0.450409 -0.0433154 
-0.124523 0.0930272 -0.767932 -0.159171 -0.432471 -0.374013 -0.773531 -0.302391 -0.487812 
-0.220643 -0.14709 -0.424943 0.0451305 0.0273901 -0.858715 -0.710133 -0.378072 -0.351389 
0.535817 -0.0554268 0.241385 0.0988817 0.222988 0.754988 0.481406 0.797397 0.181219 
-0.200603 -0.21222 -0.590672 0.0325914 -0.311696 -0.412175 -0.763618 -0.729984 -0.369641 
-0.298697 -0.199166 -0.553648 -0.136943 -0.213098 -0.00672905 0.201479 -0.401276 -0.520414 
Layer 3 Weights: 0.274237 0.0497989 -0.308097 0.144384 -0.433441 -0.402184 -0.180822 -0.445961 -0.332313 
0.364299 -0.300264 0.379268 -0.0455856 0.166487 0.22572 -0.386398 -0.259951 0.0417192 
-0.32095 -0.155754 -0.228202 -0.408528 -0.449971 0.210745 -0.1927 0.370711 0.334499 
-0.445431 0.236618 -0.401378 -0.386689 0.260726 -0.338586 0.253852 0.0483918 -0.0759449 
-0.0561589 0.342811 -0.0675956 0.105424 -0.356322 -0.138243 0.151148 0.335326 0.399686 
-0.306101 -0.158755 -0.00158235 -0.382499 -0.452163 -0.140607 -0.189228 0.0902477 -0.409564 
0.0891119 -0.137765 -0.448203 -0.354635 0.141906 -0.467077 0.416282 -0.252379 0.089394 
0.389528 -0.0528134 -0.239511 -0.349758 0.232969 -0.0132243 -0.0296239 0.393725 0.112916 
-0.31456 -0.164698 -0.349898 0.194986 0.0290034 -0.224705 -0.201322 -0.156626 -0.316358 
Loss: 12.8674
Layer 1 Probabilities: 0 0 0 0 0 0 0 0 0 
Layer 2 Probabilities: 0 0 0 0 0 0 0 0 0 
Layer 3 Probabilities: 0.0229832 0.0225914 0.0229336 0.170064 0.0747385 0.0229585 0.617585 0.0232127 0.0229327 
Layer 1 Error: 1 1 1 1 1 1 1 1 1 
Layer 2 Error: 1 1 1 1 1 1 1 1 1 
Layer 3 Error: -0.0229832 -0.0225914 -0.0229336 -0.170064 -0.0747385 -0.0229585 0.382415 -0.0232127 -0.0229327 
Process: 40 | Time taken: 1020 microseconds | Errors below threshold: 6/9
Layer 1 Outputs: 1.91873 1.80552 2.85821 1.38587 1.72563 2.79338 3.37646 2.11223 2.20029 
Layer 2 Outputs: -0.0252187 -0.0210019 -0.0096325 -0.0136126 -0.0923575 -0.0872119 8.58774 -0.0959391 -0.0463172 
Layer 3 Outputs: -0.0141653 -0.0332626 -0.0165361 2.20973 1.29573 -0.0153443 3.64242 -0.00309415 -0.0166019 
Layer 1 Weights: 0.736826 -0.606554 -0.547332 -0.151523 -0.236916 -0.114764 -0.0179165 0.757074 0.363962 
0.014727 -0.526404 -0.374785 -0.532971 -0.0797948 0.0105614 0.425652 0.394071 0.274334 
0.593405 -0.823171 -0.770098 -0.359155 -0.581366 -0.317253 0.0689022 0.687713 0.734161 
0.594419 -0.845854 -0.668408 -0.319834 0.0302548 -0.124311 0.103877 0.0170243 -0.0287181 
0.286465 -0.102027 -0.193559 -0.847886 -0.157586 -0.414914 0.111529 0.112533 0.745149 
-0.0446257 -0.759131 -0.568752 -0.281626 -0.783144 -0.295567 0.0865686 0.479379 0.721607 
0.863541 -0.52407 -0.777537 -0.330906 -0.729739 -0.044743 0.843011 0.618637 0.622425 
0.0838595 -0.0965 -0.117429 -0.552729 -0.766665 -0.322415 -0.0443298 0.553164 0.589324 
0.411231 -0.707135 -0.438388 -0.448409 -0.159841 -0.35559 -0.0546002 0.735677 0.730894 
Layer 2 Weights: 0.306512 -0.416537 -0.0941008 -0.240642 -0.378317 0.209644 -0.233312 0.00188706 -0.332471 
-0.206779 -0.29504 0.117775 -0.148573 0.251068 -0.375651 -0.0415568 -0.134033 -0.0312429 
0.377532 0.0157573 -0.402942 -0.407737 0.346806 -0.599729 0.225546 0.0279691 0.193534 
0.130896 -0.0671738 -0.400176 0.295686 0.101085 -0.00649123 0.102179 -0.453953 -0.0459685 
-0.137789 0.0795265 -0.779406 -0.173331 -0.446142 -0.385574 -0.784426 -0.315172 -0.500374 
-0.231929 -0.158809 -0.43356 0.0319523 0.0153455 -0.867439 -0.718086 -0.388542 -0.361511 
0.548606 -0.0423225 0.251915 0.112899 0.236321 0.765619 0.491282 0.809547 0.193083 
-0.21191 -0.223958 -0.599315 0.0194015 -0.323758 -0.420925 -0.771596 -0.740477 -0.379787 
-0.309399 -0.209513 -0.554312 -0.14276 -0.222879 -0.0074188 0.20092 -0.407502 -0.523025 
Layer 3 Weights: 0.274237 0.0497989 -0.308097 0.144384 -0.433441 -0.402184 -0.180822 -0.445961 -0.332313 
0.364299 -0.300264 0.379268 -0.0455856 0.166487 0.22572 -0.386398 -0.259951 0.0417192 
-0.32095 -0.155754 -0.228202 -0.408528 -0.449971 0.210745 -0.1927 0.370711 0.334499 
-0.445431 0.236618 -0.401378 -0.386689 0.260726 -0.338586 0.253852 0.0483918 -0.0759449 
-0.0561589 0.342811 -0.0675956 0.105424 -0.356322 -0.138243 0.151148 0.335326 0.399686 
-0.306101 -0.158755 -0.00158235 -0.382499 -0.452163 -0.140607 -0.189228 0.0902477 -0.409564 
0.0891119 -0.137765 -0.448203 -0.354635 0.141906 -0.467077 0.416282 -0.252379 0.089394 
0.389528 -0.0528134 -0.239511 -0.349758 0.232969 -0.0132243 -0.0296239 0.393725 0.112916 
-0.31456 -0.164698 -0.349898 0.194986 0.0290034 -0.224705 -0.201322 -0.156626 -0.316358 
Loss: 12.9477
Layer 1 Probabilities: 0 0 0 0 0 0 0 0 0 
Layer 2 Probabilities: 0 0 0 0 0 0 0 0 0 
Layer 3 Probabilities: 0.0200381 0.019678 0.0199928 0.1655 0.0695066 0.0200155 0.645028 0.0202496 0.0199918 
Layer 1 Error: 1 1 1 1 1 1 1 1 1 
Layer 2 Error: 1 1 1 1 1 1 1 1 1 
Layer 3 Error: -0.0200381 -0.019678 -0.0199928 -0.1655 -0.0695066 -0.0200155 0.354972 -0.0202496 -0.0199918 
Process: 41 | Time taken: 881 microseconds | Errors below threshold: 6/9
Layer 1 Outputs: 1.98139 1.86969 2.91484 1.45648 1.79136 2.85001 3.43309 2.17139 2.25815 
Layer 2 Outputs: -0.0267327 -0.0221428 -0.0100992 -0.0149406 -0.0970061 -0.0910708 9.03331 -0.100154 -0.0485365 
Layer 3 Outputs: -0.0149143 -0.0349939 -0.0173919 2.324 1.36256 -0.0161442 3.83061 -0.0032551 -0.0174723 
Layer 1 Weights: 0.747792 -0.617519 -0.558297 -0.162488 -0.247881 -0.125729 -0.00695103 0.768039 0.374928 
0.0259563 -0.537633 -0.386014 -0.544201 -0.0910241 -0.000667816 0.436881 0.4053 0.285564 
0.603315 -0.833081 -0.780008 -0.369065 -0.591276 -0.327163 0.0788123 0.697623 0.744071 
0.606776 -0.858211 -0.680765 -0.332191 0.0178979 -0.136668 0.116234 0.0293811 -0.0163612 
0.297967 -0.113529 -0.205061 -0.859389 -0.169088 -0.426417 0.123031 0.124035 0.756651 
-0.0347156 -0.769041 -0.578662 -0.291536 -0.793054 -0.305477 0.0964787 0.489289 0.731517 
0.873451 -0.53398 -0.787447 -0.340816 -0.73965 -0.0546532 0.852921 0.628547 0.632335 
0.0942116 -0.106852 -0.127781 -0.563081 -0.777017 -0.332767 -0.0339777 0.563516 0.599676 
0.421357 -0.71726 -0.448514 -0.458535 -0.169967 -0.365716 -0.0444744 0.745803 0.74102 
Layer 2 Weights: 0.296162 -0.426461 -0.0947643 -0.245797 -0.387581 0.208966 -0.233909 0.000102831 -0.333699 
-0.210393 -0.304908 0.117038 -0.153459 0.241906 -0.376399 -0.0422393 -0.135314 -0.0322968 
0.376044 0.0141976 -0.404212 -0.412438 0.345159 -0.601016 0.224376 0.0265524 0.19213 
0.120714 -0.0813363 -0.401525 0.282651 0.0869702 -0.0078822 0.10103 -0.457563 -0.0486479 
-0.150933 0.0661278 -0.790697 -0.1875 -0.459728 -0.396953 -0.79513 -0.327805 -0.512777 
-0.242862 -0.17019 -0.441816 0.0189877 0.00362232 -0.875801 -0.725687 -0.398643 -0.371261 
0.561248 -0.0293447 0.262239 0.126907 0.249545 0.776046 0.500946 0.821522 0.204764 
-0.222866 -0.235361 -0.607597 0.00642281 -0.335501 -0.429314 -0.779223 -0.750602 -0.389563 
-0.319776 -0.219588 -0.554935 -0.148582 -0.232438 -0.00806553 0.200399 -0.413517 -0.525536 
Layer 3 Weights: 0.274237 0.0497989 -0.308097 0.144384 -0.433441 -0.402184 -0.180822 -0.445961 -0.332313 
0.364299 -0.300264 0.379268 -0.0455856 0.166487 0.22572 -0.386398 -0.259951 0.0417192 
-0.32095 -0.155754 -0.228202 -0.408528 -0.449971 0.210745 -0.1927 0.370711 0.334499 
-0.445431 0.236618 -0.401378 -0.386689 0.260726 -0.338586 0.253852 0.0483918 -0.0759449 
-0.0561589 0.342811 -0.0675956 0.105424 -0.356322 -0.138243 0.151148 0.335326 0.399686 
-0.306101 -0.158755 -0.00158235 -0.382499 -0.452163 -0.140607 -0.189228 0.0902477 -0.409564 
0.0891119 -0.137765 -0.448203 -0.354635 0.141906 -0.467077 0.416282 -0.252379 0.089394 
0.389528 -0.0528134 -0.239511 -0.349758 0.232969 -0.0132243 -0.0296239 0.393725 0.112916 
-0.31456 -0.164698 -0.349898 0.194986 0.0290034 -0.224705 -0.201322 -0.156626 -0.316358 
Loss: 13.0174
Layer 1 Probabilities: 0 0 0 0 0 0 0 0 0 
Layer 2 Probabilities: 0 0 0 0 0 0 0 0 0 
Layer 3 Probabilities: 0.0173418 0.0170138 0.0173007 0.160295 0.0642653 0.0173214 0.671627 0.0175349 0.0172996 
Layer 1 Error: 1 1 1 1 1 1 1 1 1 
Layer 2 Error: 1 1 1 1 1 1 1 1 1 
Layer 3 Error: -0.0173418 -0.0170138 -0.0173007 -0.160295 -0.0642653 -0.0173214 0.328373 -0.0175349 -0.0172996 
Process: 42 | Time taken: 806 microseconds | Errors below threshold: 6/9
Layer 1 Outputs: 2.04395 1.93374 2.97145 1.52698 1.85696 2.90661 3.4897 2.23048 2.31597 
Layer 2 Outputs: -0.02827 -0.023302 -0.0105631 -0.0163561 -0.101752 -0.0949593 9.4876 -0.104399 -0.0507824 
Layer 3 Outputs: -0.0156786 -0.0367591 -0.0182638 2.44051 1.4307 -0.0169596 4.02247 -0.00341878 -0.0183602 
Layer 1 Weights: 0.758739 -0.628467 -0.569245 -0.173436 -0.258828 -0.136676 0.00399646 0.778987 0.385875 
0.0371651 -0.548842 -0.397223 -0.555409 -0.102233 -0.0118767 0.44809 0.416509 0.296772 
0.613221 -0.842987 -0.789914 -0.378971 -0.601182 -0.337069 0.0887181 0.707529 0.753977 
0.619113 -0.870548 -0.693103 -0.344528 0.00556047 -0.149006 0.128571 0.0417186 -0.00402378 
0.309447 -0.125009 -0.216541 -0.870869 -0.180569 -0.437897 0.134512 0.135516 0.768131 
-0.0248097 -0.778947 -0.588568 -0.301442 -0.80296 -0.315383 0.106385 0.499195 0.741423 
0.883357 -0.543886 -0.797353 -0.350722 -0.749555 -0.064559 0.862827 0.638453 0.642241 
0.104553 -0.117194 -0.138123 -0.573423 -0.787358 -0.343109 -0.0236362 0.573858 0.610018 
0.431475 -0.727379 -0.458632 -0.468654 -0.180086 -0.375835 -0.034356 0.755922 0.751139 
Layer 2 Weights: 0.286167 -0.43608 -0.095379 -0.250928 -0.396594 0.208337 -0.23446 -0.00159943 -0.334861 
-0.213878 -0.314472 0.116358 -0.158329 0.232993 -0.37709 -0.0428668 -0.136524 -0.0332848 
0.374668 0.0127504 -0.405377 -0.417061 0.343624 -0.602196 0.223305 0.0252472 0.190837 
0.110354 -0.0955368 -0.402844 0.269368 0.072793 -0.00924477 0.0999171 -0.461234 -0.0513506 
-0.163923 0.0528655 -0.801776 -0.201638 -0.473194 -0.408122 -0.805617 -0.340256 -0.524991 
-0.25341 -0.181198 -0.449696 0.00629298 -0.00773885 -0.883785 -0.732927 -0.408349 -0.380618 
0.573718 -0.0165208 0.272339 0.140871 0.262632 0.786249 0.510382 0.8333 0.216239 
-0.233438 -0.246391 -0.615505 -0.0062882 -0.346884 -0.437326 -0.78649 -0.760335 -0.398946 
-0.329797 -0.229349 -0.555517 -0.154363 -0.241732 -0.00867081 0.199915 -0.419304 -0.527941 
Layer 3 Weights: 0.274237 0.0497989 -0.308097 0.144384 -0.433441 -0.402184 -0.180822 -0.445961 -0.332313 
0.364299 -0.300264 0.379268 -0.0455856 0.166487 0.22572 -0.386398 -0.259951 0.0417192 
-0.32095 -0.155754 -0.228202 -0.408528 -0.449971 0.210745 -0.1927 0.370711 0.334499 
-0.445431 0.236618 -0.401378 -0.386689 0.260726 -0.338586 0.253852 0.0483918 -0.0759449 
-0.0561589 0.342811 -0.0675956 0.105424 -0.356322 -0.138243 0.151148 0.335326 0.399686 
-0.306101 -0.158755 -0.00158235 -0.382499 -0.452163 -0.140607 -0.189228 0.0902477 -0.409564 
0.0891119 -0.137765 -0.448203 -0.354635 0.141906 -0.467077 0.416282 -0.252379 0.089394 
0.389528 -0.0528134 -0.239511 -0.349758 0.232969 -0.0132243 -0.0296239 0.393725 0.112916 
-0.31456 -0.164698 -0.349898 0.194986 0.0290034 -0.224705 -0.201322 -0.156626 -0.316358 
Loss: 13.0776
Layer 1 Probabilities: 0 0 0 0 0 0 0 0 0 
Layer 2 Probabilities: 0 0 0 0 0 0 0 0 0 
Layer 3 Probabilities: 0.0149023 0.0146061 0.0148655 0.154537 0.0590856 0.014884 0.697178 0.0150771 0.0148643 
Layer 1 Error: 1 1 1 1 1 1 1 1 1 
Layer 2 Error: 1 1 1 1 1 1 1 1 1 
Layer 3 Error: -0.0149023 -0.0146061 -0.0148655 -0.154537 -0.0590856 -0.014884 0.302822 -0.0150771 -0.0148643 
Process: 43 | Time taken: 912 microseconds | Errors below threshold: 6/9
Layer 1 Outputs: 2.1064 1.99767 3.02803 1.59735 1.92243 2.96319 3.54628 2.28952 2.37375 
Layer 2 Outputs: -0.0298257 -0.0244757 -0.0110236 -0.0178573 -0.106586 -0.0988663 9.94983 -0.108662 -0.0530491 
Layer 3 Outputs: -0.0164568 -0.0385551 -0.0191504 2.55906 1.50005 -0.0177891 4.21766 -0.00358489 -0.019264 
Layer 1 Weights: 0.769668 -0.639396 -0.580174 -0.184365 -0.269757 -0.147605 0.0149255 0.789916 0.396804 
0.0483527 -0.56003 -0.408411 -0.566597 -0.113421 -0.0230643 0.459278 0.427697 0.30796 
0.623122 -0.852889 -0.799815 -0.388872 -0.611084 -0.34697 0.0986196 0.717431 0.763878 
0.631428 -0.882862 -0.705417 -0.356842 -0.00675366 -0.16132 0.140885 0.0540327 0.00829035 
0.320904 -0.136466 -0.227998 -0.882326 -0.192026 -0.449354 0.145968 0.146973 0.779588 
-0.0149082 -0.788848 -0.598469 -0.311344 -0.812862 -0.325284 0.116286 0.509097 0.751324 
0.893259 -0.553787 -0.807255 -0.360623 -0.759457 -0.0744605 0.872729 0.648355 0.652142 
0.114884 -0.127525 -0.148454 -0.583754 -0.797689 -0.35344 -0.0133052 0.584189 0.620349 
0.441586 -0.73749 -0.468743 -0.478765 -0.190197 -0.385946 -0.0242451 0.766033 0.761249 
Layer 2 Weights: 0.276557 -0.445362 -0.0959478 -0.255995 -0.40532 0.207755 -0.234969 -0.00321779 -0.335959 
-0.217221 -0.323696 0.115731 -0.163142 0.224366 -0.377727 -0.0434433 -0.137664 -0.0342093 
0.373396 0.0114086 -0.406444 -0.42158 0.342196 -0.603277 0.222324 0.0240455 0.189649 
0.0998509 -0.109751 -0.404135 0.255885 0.0585803 -0.0105802 0.0988382 -0.464956 -0.0540723 
-0.176725 0.0397739 -0.812619 -0.215705 -0.486504 -0.419055 -0.815862 -0.352496 -0.536986 
-0.263543 -0.191797 -0.45719 -0.00607862 -0.0187016 -0.89138 -0.739797 -0.417638 -0.38956 
0.585992 -0.00387727 0.282197 0.154756 0.275554 0.796212 0.519575 0.844858 0.227488 
-0.243598 -0.257016 -0.623027 -0.0186784 -0.357871 -0.444949 -0.793387 -0.769652 -0.407916 
-0.33943 -0.238764 -0.55606 -0.160058 -0.250724 -0.00923623 0.199465 -0.424846 -0.530235 
Layer 3 Weights: 0.274237 0.0497989 -0.308097 0.144384 -0.433441 -0.402184 -0.180822 -0.445961 -0.332313 
0.364299 -0.300264 0.379268 -0.0455856 0.166487 0.22572 -0.386398 -0.259951 0.0417192 
-0.32095 -0.155754 -0.228202 -0.408528 -0.449971 0.210745 -0.1927 0.370711 0.334499 
-0.445431 0.236618 -0.401378 -0.386689 0.260726 -0.338586 0.253852 0.0483918 -0.0759449 
-0.0561589 0.342811 -0.0675956 0.105424 -0.356322 -0.138243 0.151148 0.335326 0.399686 
-0.306101 -0.158755 -0.00158235 -0.382499 -0.452163 -0.140607 -0.189228 0.0902477 -0.409564 
0.0891119 -0.137765 -0.448203 -0.354635 0.141906 -0.467077 0.416282 -0.252379 0.089394 
0.389528 -0.0528134 -0.239511 -0.349758 0.232969 -0.0132243 -0.0296239 0.393725 0.112916 
-0.31456 -0.164698 -0.349898 0.194986 0.0290034 -0.224705 -0.201322 -0.156626 -0.316358 
Loss: 13.1293
Layer 1 Probabilities: 0 0 0 0 0 0 0 0 0 
Layer 2 Probabilities: 0 0 0 0 0 0 0 0 0 
Layer 3 Probabilities: 0.0127204 0.012455 0.0126875 0.148324 0.0540323 0.0127041 0.721513 0.0128773 0.0126863 
Layer 1 Error: 1 1 1 1 1 1 1 1 1 
Layer 2 Error: 1 1 1 1 1 1 1 1 1 
Layer 3 Error: -0.0127204 -0.012455 -0.0126875 -0.148324 -0.0540323 -0.0127041 0.278487 -0.0128773 -0.0126863 
Process: 44 | Time taken: 788 microseconds | Errors below threshold: 7/9
Layer 1 Outputs: 2.16874 2.06147 3.08458 1.66756 1.98776 3.01975 3.60283 2.34849 2.43148 
Layer 2 Outputs: -0.0313949 -0.0256602 -0.01148 -0.0194422 -0.111497 -0.102782 10.4192 -0.112933 -0.0553308 
Layer 3 Outputs: -0.0172476 -0.0403787 -0.02005 2.67943 1.57048 -0.0186313 4.41584 -0.00375309 -0.0201823 
Layer 1 Weights: 0.780578 -0.650306 -0.591084 -0.195275 -0.280668 -0.158516 0.0258356 0.800826 0.407715 
0.0595185 -0.571196 -0.419576 -0.577763 -0.124586 -0.0342301 0.470444 0.438862 0.319126 
0.63302 -0.862786 -0.809712 -0.398769 -0.620981 -0.356867 0.108517 0.727328 0.773775 
0.643715 -0.89515 -0.717704 -0.36913 -0.0190411 -0.173607 0.153173 0.0663202 0.0205778 
0.332336 -0.147898 -0.239431 -0.893758 -0.203458 -0.460786 0.157401 0.158405 0.79102 
-0.00501119 -0.798745 -0.608366 -0.321241 -0.822759 -0.335181 0.126183 0.518994 0.761221 
0.903156 -0.563684 -0.817152 -0.37052 -0.769354 -0.0843576 0.882626 0.658252 0.66204 
0.125204 -0.137845 -0.158774 -0.594074 -0.808009 -0.36376 -0.00298508 0.594509 0.630669 
0.45169 -0.747593 -0.478846 -0.488868 -0.2003 -0.396049 -0.0141417 0.776136 0.771353 
Layer 2 Weights: 0.267356 -0.454276 -0.0964737 -0.260961 -0.413725 0.207216 -0.235437 -0.00475108 -0.336992 
-0.220416 -0.332552 0.115154 -0.167863 0.216058 -0.378314 -0.0439727 -0.138734 -0.0350727 
0.372222 0.010166 -0.407422 -0.425971 0.340869 -0.604268 0.221427 0.0229399 0.188556 
0.0892375 -0.123954 -0.405398 0.242245 0.044359 -0.0118893 0.0977916 -0.46872 -0.0568079 
-0.189307 0.0268877 -0.823198 -0.229659 -0.499624 -0.429725 -0.825842 -0.364494 -0.548733 
-0.273239 -0.201962 -0.464291 -0.0180784 -0.0292345 -0.898579 -0.746293 -0.426495 -0.398074 
0.598044 0.00856045 0.2918 0.168529 0.288284 0.805918 0.52851 0.856175 0.23849 
-0.25332 -0.267207 -0.630156 -0.030699 -0.368429 -0.452177 -0.79991 -0.778537 -0.416459 
-0.348652 -0.247803 -0.556565 -0.165629 -0.25938 -0.00976341 0.199048 -0.430132 -0.532416 
Layer 3 Weights: 0.274237 0.0497989 -0.308097 0.144384 -0.433441 -0.402184 -0.180822 -0.445961 -0.332313 
0.364299 -0.300264 0.379268 -0.0455856 0.166487 0.22572 -0.386398 -0.259951 0.0417192 
-0.32095 -0.155754 -0.228202 -0.408528 -0.449971 0.210745 -0.1927 0.370711 0.334499 
-0.445431 0.236618 -0.401378 -0.386689 0.260726 -0.338586 0.253852 0.0483918 -0.0759449 
-0.0561589 0.342811 -0.0675956 0.105424 -0.356322 -0.138243 0.151148 0.335326 0.399686 
-0.306101 -0.158755 -0.00158235 -0.382499 -0.452163 -0.140607 -0.189228 0.0902477 -0.409564 
0.0891119 -0.137765 -0.448203 -0.354635 0.141906 -0.467077 0.416282 -0.252379 0.089394 
0.389528 -0.0528134 -0.239511 -0.349758 0.232969 -0.0132243 -0.0296239 0.393725 0.112916 
-0.31456 -0.164698 -0.349898 0.194986 0.0290034 -0.224705 -0.201322 -0.156626 -0.316358 
Loss: 13.1736
Layer 1 Probabilities: 0 0 0 0 0 0 0 0 0 
Layer 2 Probabilities: 0 0 0 0 0 0 0 0 0 
Layer 3 Probabilities: 0.0107899 0.0105541 0.0107609 0.141759 0.0491617 0.0107755 0.74451 0.0109297 0.0107596 
Layer 1 Error: 1 1 1 1 1 1 1 1 1 
Layer 2 Error: 1 1 1 1 1 1 1 1 1 
Layer 3 Error: -0.0107899 -0.0105541 -0.0107609 -0.141759 -0.0491617 -0.0107755 0.25549 -0.0109297 -0.0107596 
Process: 45 | Time taken: 715 microseconds | Errors below threshold: 7/9
Layer 1 Outputs: 2.23098 2.12515 3.14111 1.73761 2.05294 3.07628 3.65936 2.4074 2.48917 
Layer 2 Outputs: -0.032973 -0.0268518 -0.0119318 -0.0211081 -0.116476 -0.106695 10.8948 -0.117202 -0.057622 
Layer 3 Outputs: -0.0180496 -0.0422268 -0.0209612 2.80142 1.64188 -0.0194847 4.61666 -0.00392309 -0.0211133 
Layer 1 Weights: 0.791469 -0.661197 -0.601975 -0.206166 -0.291559 -0.169407 0.0367266 0.811717 0.418605 
0.0706619 -0.582339 -0.43072 -0.588906 -0.13573 -0.0453734 0.481587 0.450006 0.330269 
0.642912 -0.872678 -0.819605 -0.408662 -0.630873 -0.36676 0.118409 0.73722 0.783668 
0.655973 -0.907408 -0.729962 -0.381388 -0.0312991 -0.185865 0.165431 0.0785782 0.0328358 
0.343744 -0.159305 -0.250838 -0.905165 -0.214865 -0.472193 0.168808 0.169812 0.802427 
0.00488131 -0.808638 -0.618259 -0.331133 -0.832651 -0.345074 0.136076 0.528886 0.771114 
0.913048 -0.573577 -0.827044 -0.380413 -0.779246 -0.0942501 0.892518 0.668144 0.671932 
0.135513 -0.148154 -0.169083 -0.604383 -0.818319 -0.374069 0.00732416 0.604818 0.640978 
0.461785 -0.757689 -0.488942 -0.498964 -0.210396 -0.406145 -0.00404601 0.786232 0.781449 
Layer 2 Weights: 0.258583 -0.4628 -0.0969592 -0.265796 -0.421784 0.206719 -0.235867 -0.00619896 -0.337962 
-0.223456 -0.341017 0.114624 -0.172461 0.208094 -0.378854 -0.0444583 -0.139738 -0.0358775 
0.371139 0.00901646 -0.408317 -0.430214 0.339637 -0.605175 0.220607 0.0219235 0.187553 
0.078548 -0.138119 -0.406635 0.228492 0.0301562 -0.0131721 0.0967761 -0.472516 -0.0595515 
-0.201636 0.0142404 -0.83349 -0.24346 -0.512517 -0.440108 -0.835534 -0.376221 -0.560202 
-0.282478 -0.211669 -0.470996 -0.0296634 -0.0393119 -0.905379 -0.752416 -0.434906 -0.40615 
0.609853 0.0207686 0.301132 0.182158 0.300797 0.815355 0.537177 0.867232 0.249228 
-0.262588 -0.276942 -0.636889 -0.0423068 -0.378534 -0.459005 -0.80606 -0.786977 -0.424564 
-0.357444 -0.256444 -0.557036 -0.171045 -0.267676 -0.010254 0.198663 -0.435152 -0.53448 
Layer 3 Weights: 0.274237 0.0497989 -0.308097 0.144384 -0.433441 -0.402184 -0.180822 -0.445961 -0.332313 
0.364299 -0.300264 0.379268 -0.0455856 0.166487 0.22572 -0.386398 -0.259951 0.0417192 
-0.32095 -0.155754 -0.228202 -0.408528 -0.449971 0.210745 -0.1927 0.370711 0.334499 
-0.445431 0.236618 -0.401378 -0.386689 0.260726 -0.338586 0.253852 0.0483918 -0.0759449 
-0.0561589 0.342811 -0.0675956 0.105424 -0.356322 -0.138243 0.151148 0.335326 0.399686 
-0.306101 -0.158755 -0.00158235 -0.382499 -0.452163 -0.140607 -0.189228 0.0902477 -0.409564 
0.0891119 -0.137765 -0.448203 -0.354635 0.141906 -0.467077 0.416282 -0.252379 0.089394 
0.389528 -0.0528134 -0.239511 -0.349758 0.232969 -0.0132243 -0.0296239 0.393725 0.112916 
-0.31456 -0.164698 -0.349898 0.194986 0.0290034 -0.224705 -0.201322 -0.156626 -0.316358 
Loss: 13.2113
Layer 1 Probabilities: 0 0 0 0 0 0 0 0 0 
Layer 2 Probabilities: 0 0 0 0 0 0 0 0 0 
Layer 3 Probabilities: 0.00909937 0.00889131 0.00907391 0.134948 0.04452 0.00908679 0.766085 0.009223 0.00907271 
Layer 1 Error: 1 1 1 1 1 1 1 1 1 
Layer 2 Error: 1 1 1 1 1 1 1 1 1 
Layer 3 Error: -0.00909937 -0.00889131 -0.00907391 -0.134948 -0.04452 -0.00908679 0.233915 -0.009223 -0.00907271 
Process: 46 | Time taken: 747 microseconds | Errors below threshold: 7/9
Layer 1 Outputs: 2.2931 2.18869 3.19761 1.80747 2.11798 3.13278 3.71586 2.46625 2.54682 
Layer 2 Outputs: -0.0345557 -0.0280472 -0.0123783 -0.022852 -0.12151 -0.110598 11.376 -0.12146 -0.0599175 
Layer 3 Outputs: -0.0188616 -0.0440961 -0.0218824 2.92482 1.71412 -0.020348 4.81978 -0.00409456 -0.0220557 
Layer 1 Weights: 0.802341 -0.672068 -0.612846 -0.217037 -0.30243 -0.180278 0.047598 0.822589 0.429477 
0.0817825 -0.59346 -0.44184 -0.600027 -0.14685 -0.056494 0.492708 0.461126 0.34139 
0.6528 -0.882566 -0.829493 -0.41855 -0.640761 -0.376648 0.128297 0.747108 0.793556 
0.668199 -0.919634 -0.742188 -0.393614 -0.0435254 -0.198092 0.177657 0.0908045 0.0450621 
0.355125 -0.170687 -0.262219 -0.916547 -0.226246 -0.483574 0.180189 0.181193 0.813809 
0.0147692 -0.818526 -0.628147 -0.341021 -0.842539 -0.354962 0.145963 0.538774 0.781001 
0.922936 -0.583465 -0.836932 -0.390301 -0.789134 -0.104138 0.902406 0.678032 0.68182 
0.145812 -0.158452 -0.179381 -0.614682 -0.828617 -0.384368 0.0176224 0.615117 0.651277 
0.471873 -0.767777 -0.49903 -0.509052 -0.220484 -0.416233 0.00604195 0.79632 0.791537 
Layer 2 Weights: 0.250251 -0.470916 -0.0974069 -0.270473 -0.429476 0.206259 -0.236263 -0.00756182 -0.33887 
-0.226336 -0.349074 0.114136 -0.17691 0.200495 -0.379351 -0.0449035 -0.140676 -0.0366261 
0.370141 0.00795425 -0.409135 -0.434292 0.338496 -0.606005 0.219857 0.0209899 0.186632 
0.0678154 -0.152222 -0.407844 0.214665 0.015999 -0.0144288 0.0957907 -0.476333 -0.062297 
-0.213682 0.0018642 -0.843474 -0.257067 -0.52515 -0.450183 -0.84492 -0.387649 -0.571369 
-0.29125 -0.220903 -0.477306 -0.0407967 -0.0489143 -0.911781 -0.758168 -0.442865 -0.413783 
0.6214 0.0327253 0.310184 0.195614 0.31307 0.82451 0.545566 0.878013 0.259686 
-0.271389 -0.286204 -0.643228 -0.053465 -0.388164 -0.465435 -0.811838 -0.794966 -0.432227 
-0.365794 -0.26467 -0.557472 -0.176277 -0.27559 -0.0107097 0.198306 -0.439902 -0.536428 
Layer 3 Weights: 0.274237 0.0497989 -0.308097 0.144384 -0.433441 -0.402184 -0.180822 -0.445961 -0.332313 
0.364299 -0.300264 0.379268 -0.0455856 0.166487 0.22572 -0.386398 -0.259951 0.0417192 
-0.32095 -0.155754 -0.228202 -0.408528 -0.449971 0.210745 -0.1927 0.370711 0.334499 
-0.445431 0.236618 -0.401378 -0.386689 0.260726 -0.338586 0.253852 0.0483918 -0.0759449 
-0.0561589 0.342811 -0.0675956 0.105424 -0.356322 -0.138243 0.151148 0.335326 0.399686 
-0.306101 -0.158755 -0.00158235 -0.382499 -0.452163 -0.140607 -0.189228 0.0902477 -0.409564 
0.0891119 -0.137765 -0.448203 -0.354635 0.141906 -0.467077 0.416282 -0.252379 0.089394 
0.389528 -0.0528134 -0.239511 -0.349758 0.232969 -0.0132243 -0.0296239 0.393725 0.112916 
-0.31456 -0.164698 -0.349898 0.194986 0.0290034 -0.224705 -0.201322 -0.156626 -0.316358 
Loss: 13.2433
Layer 1 Probabilities: 0 0 0 0 0 0 0 0 0 
Layer 2 Probabilities: 0 0 0 0 0 0 0 0 0 
Layer 3 Probabilities: 0.00763312 0.00745079 0.00761093 0.127992 0.0401422 0.00762217 0.786197 0.00774172 0.00760977 
Layer 1 Error: 1 1 1 1 1 1 1 1 1 
Layer 2 Error: 1 1 1 1 1 1 1 1 1 
Layer 3 Error: -0.00763312 -0.00745079 -0.00761093 -0.127992 -0.0401422 -0.00762217 0.213803 -0.00774172 -0.00760977 
Process: 47 | Time taken: 776 microseconds | Errors below threshold: 7/9
Layer 1 Outputs: 2.35511 2.25211 3.25409 1.87715 2.18286 3.18925 3.77234 2.52503 2.60442 
Layer 2 Outputs: -0.0361388 -0.0292432 -0.0128192 -0.0246707 -0.12659 -0.114482 11.8619 -0.125698 -0.0622126 
Layer 3 Outputs: -0.0196822 -0.0459836 -0.0228119 3.04941 1.78708 -0.0212196 5.02485 -0.0042672 -0.0230077 
Layer 1 Weights: 0.813193 -0.68292 -0.623698 -0.227889 -0.313282 -0.19113 0.0584499 0.83344 0.440329 
0.09288 -0.604557 -0.452938 -0.611124 -0.157948 -0.0675915 0.503805 0.472224 0.352487 
0.662683 -0.892449 -0.839376 -0.428433 -0.650644 -0.386531 0.13818 0.756991 0.803439 
0.680392 -0.931827 -0.754381 -0.405807 -0.0557181 -0.210284 0.18985 0.102997 0.0572548 
0.366479 -0.182041 -0.273574 -0.927901 -0.237601 -0.494929 0.191544 0.192548 0.825163 
0.0246523 -0.828409 -0.63803 -0.350904 -0.852422 -0.364845 0.155847 0.548657 0.790885 
0.932819 -0.593348 -0.846815 -0.400184 -0.799017 -0.114021 0.912289 0.687915 0.691703 
0.156099 -0.168739 -0.189669 -0.624969 -0.838904 -0.394655 0.0279096 0.625404 0.661564 
0.481953 -0.777857 -0.50911 -0.519132 -0.230564 -0.426313 0.0161221 0.8064 0.801617 
Layer 2 Weights: 0.242367 -0.478614 -0.0978193 -0.274972 -0.436786 0.205836 -0.236627 -0.00884079 -0.339718 
-0.229056 -0.356714 0.113688 -0.181191 0.193276 -0.379807 -0.0453114 -0.141551 -0.0373212 
0.369223 0.00697389 -0.409884 -0.438193 0.337439 -0.606764 0.219172 0.020133 0.185788 
0.0570717 -0.166237 -0.409026 0.200802 0.00191419 -0.0156589 0.094835 -0.480161 -0.0650375 
-0.225417 -0.0102108 -0.853129 -0.270441 -0.537493 -0.459929 -0.853982 -0.398754 -0.582209 
-0.299546 -0.229653 -0.483226 -0.0514489 -0.0580283 -0.917788 -0.763555 -0.45037 -0.420973 
0.632666 0.0444107 0.318944 0.208867 0.325081 0.833373 0.553669 0.888502 0.26985 
-0.279714 -0.294983 -0.649176 -0.0641436 -0.397307 -0.471471 -0.817252 -0.802501 -0.439447 
-0.373694 -0.27247 -0.557876 -0.181304 -0.28311 -0.0111322 0.197977 -0.444381 -0.538259 
Layer 3 Weights: 0.274237 0.0497989 -0.308097 0.144384 -0.433441 -0.402184 -0.180822 -0.445961 -0.332313 
0.364299 -0.300264 0.379268 -0.0455856 0.166487 0.22572 -0.386398 -0.259951 0.0417192 
-0.32095 -0.155754 -0.228202 -0.408528 -0.449971 0.210745 -0.1927 0.370711 0.334499 
-0.445431 0.236618 -0.401378 -0.386689 0.260726 -0.338586 0.253852 0.0483918 -0.0759449 
-0.0561589 0.342811 -0.0675956 0.105424 -0.356322 -0.138243 0.151148 0.335326 0.399686 
-0.306101 -0.158755 -0.00158235 -0.382499 -0.452163 -0.140607 -0.189228 0.0902477 -0.409564 
0.0891119 -0.137765 -0.448203 -0.354635 0.141906 -0.467077 0.416282 -0.252379 0.089394 
0.389528 -0.0528134 -0.239511 -0.349758 0.232969 -0.0132243 -0.0296239 0.393725 0.112916 
-0.31456 -0.164698 -0.349898 0.194986 0.0290034 -0.224705 -0.201322 -0.156626 -0.316358 
Loss: 13.2704
Layer 1 Probabilities: 0 0 0 0 0 0 0 0 0 
Layer 2 Probabilities: 0 0 0 0 0 0 0 0 0 
Layer 3 Probabilities: 0.00637256 0.00621376 0.00635334 0.120987 0.0360528 0.0063631 0.804838 0.00646736 0.00635224 
Layer 1 Error: 1 1 1 1 1 1 1 1 1 
Layer 2 Error: 1 1 1 1 1 1 1 1 1 
Layer 3 Error: -0.00637256 -0.00621376 -0.00635334 -0.120987 -0.0360528 -0.0063631 0.195162 -0.00646736 -0.00635224 
Process: 48 | Time taken: 700 microseconds | Errors below threshold: 7/9
Layer 1 Outputs: 2.41701 2.31539 3.31053 1.94662 2.24759 3.2457 3.82878 2.58375 2.66198 
Layer 2 Outputs: -0.0377187 -0.0304368 -0.0132539 -0.0265603 -0.131704 -0.118341 12.3516 -0.129911 -0.064503 
Layer 3 Outputs: -0.02051 -0.0478862 -0.0237485 3.17501 1.86065 -0.0220983 5.23155 -0.00444074 -0.0239679 
Layer 1 Weights: 0.824025 -0.693752 -0.63453 -0.238721 -0.324114 -0.201962 0.069282 0.844272 0.451161 
0.103954 -0.615631 -0.464012 -0.622198 -0.169022 -0.0786657 0.514879 0.483298 0.363561 
0.672561 -0.902327 -0.849254 -0.438311 -0.660522 -0.396409 0.148058 0.766869 0.813317 
0.69255 -0.943984 -0.766539 -0.417964 -0.0678757 -0.222442 0.202007 0.115155 0.0694124 
0.377807 -0.193369 -0.284902 -0.939229 -0.248929 -0.506257 0.202872 0.203876 0.836491 
0.0345305 -0.838287 -0.647908 -0.360782 -0.8623 -0.374723 0.165725 0.558535 0.800763 
0.942697 -0.603226 -0.856693 -0.410062 -0.808896 -0.123899 0.922167 0.697794 0.701581 
0.166375 -0.179015 -0.199945 -0.635245 -0.84918 -0.404931 0.0381857 0.63568 0.67184 
0.492026 -0.787929 -0.519182 -0.529204 -0.240636 -0.436385 0.0261943 0.816472 0.811689 
Layer 2 Weights: 0.234934 -0.485887 -0.0981988 -0.279277 -0.443706 0.205447 -0.236961 -0.0100376 -0.340509 
-0.231615 -0.363929 0.113278 -0.185286 0.186443 -0.380225 -0.0456847 -0.142366 -0.0379655 
0.368378 0.00607012 -0.410568 -0.441907 0.336462 -0.607457 0.218546 0.0193471 0.185014 
0.0463479 -0.180138 -0.410181 0.186938 -0.0120719 -0.0168618 0.0939082 -0.483988 -0.0677664 
-0.236815 -0.0219572 -0.862442 -0.283547 -0.549514 -0.469331 -0.862706 -0.409513 -0.592702 
-0.307365 -0.237915 -0.488765 -0.0615977 -0.0666467 -0.923409 -0.768586 -0.457425 -0.427723 
0.643636 0.0558074 0.327406 0.221892 0.336812 0.841937 0.561481 0.898687 0.279709 
-0.287564 -0.303275 -0.654742 -0.0743202 -0.405955 -0.47712 -0.822309 -0.809585 -0.446227 
-0.381141 -0.279838 -0.55825 -0.186109 -0.290226 -0.0115232 0.197674 -0.44859 -0.539976 
Layer 3 Weights: 0.274237 0.0497989 -0.308097 0.144384 -0.433441 -0.402184 -0.180822 -0.445961 -0.332313 
0.364299 -0.300264 0.379268 -0.0455856 0.166487 0.22572 -0.386398 -0.259951 0.0417192 
-0.32095 -0.155754 -0.228202 -0.408528 -0.449971 0.210745 -0.1927 0.370711 0.334499 
-0.445431 0.236618 -0.401378 -0.386689 0.260726 -0.338586 0.253852 0.0483918 -0.0759449 
-0.0561589 0.342811 -0.0675956 0.105424 -0.356322 -0.138243 0.151148 0.335326 0.399686 
-0.306101 -0.158755 -0.00158235 -0.382499 -0.452163 -0.140607 -0.189228 0.0902477 -0.409564 
0.0891119 -0.137765 -0.448203 -0.354635 0.141906 -0.467077 0.416282 -0.252379 0.089394 
0.389528 -0.0528134 -0.239511 -0.349758 0.232969 -0.0132243 -0.0296239 0.393725 0.112916 
-0.31456 -0.164698 -0.349898 0.194986 0.0290034 -0.224705 -0.201322 -0.156626 -0.316358 
Loss: 13.2934
Layer 1 Probabilities: 0 0 0 0 0 0 0 0 0 
Layer 2 Probabilities: 0 0 0 0 0 0 0 0 0 
Layer 3 Probabilities: 0.00529754 0.00516003 0.00528099 0.114016 0.0322658 0.0052894 0.82203 0.00537984 0.00527995 
Layer 1 Error: 1 1 1 1 1 1 1 1 1 
Layer 2 Error: 1 1 1 1 1 1 1 1 1 
Layer 3 Error: -0.00529754 -0.00516003 -0.00528099 -0.114016 -0.0322658 -0.0052894 0.17797 -0.00537984 -0.00527995 
Process: 49 | Time taken: 533 microseconds | Errors below threshold: 7/9
Layer 1 Outputs: 2.47879 2.37854 3.36695 2.01588 2.31217 3.30212 3.8852 2.64241 2.71949 
Layer 2 Outputs: -0.0392921 -0.0316256 -0.0136821 -0.028517 -0.136842 -0.122167 12.8445 -0.134091 -0.066785 
Layer 3 Outputs: -0.0213438 -0.049801 -0.0246905 3.30141 1.9347 -0.0229827 5.43957 -0.00461489 -0.0249348 
Layer 1 Weights: 0.834837 -0.704564 -0.645342 -0.249533 -0.334926 -0.212774 0.0800943 0.855085 0.461973 
0.115005 -0.626682 -0.475063 -0.633249 -0.180073 -0.0897165 0.52593 0.494349 0.374612 
0.682435 -0.912201 -0.859127 -0.448184 -0.670396 -0.406282 0.157932 0.776743 0.82319 
0.704671 -0.956106 -0.77866 -0.430085 -0.0799969 -0.234563 0.214129 0.127276 0.0815336 
0.389108 -0.20467 -0.296202 -0.95053 -0.26023 -0.517558 0.214172 0.215177 0.847792 
0.0444039 -0.84816 -0.657781 -0.370656 -0.872174 -0.384596 0.175598 0.568409 0.810636 
0.952571 -0.613099 -0.866567 -0.419935 -0.818769 -0.133773 0.932041 0.707667 0.711455 
0.17664 -0.18928 -0.21021 -0.64551 -0.859445 -0.415196 0.0484506 0.645945 0.682105 
0.50209 -0.797993 -0.529247 -0.539268 -0.2507 -0.446449 0.0362586 0.826536 0.821753 
Layer 2 Weights: 0.227949 -0.492734 -0.0985475 -0.283375 -0.450233 0.205089 -0.237267 -0.0111545 -0.341244 
-0.234015 -0.370719 0.112901 -0.189186 0.180001 -0.380609 -0.0460262 -0.143122 -0.0385616 
0.367602 0.00523792 -0.411192 -0.445428 0.335561 -0.608091 0.217975 0.018627 0.184306 
0.0356732 -0.193901 -0.411307 0.17311 -0.0259336 -0.0180369 0.0930101 -0.487802 -0.0704769 
-0.247854 -0.0333503 -0.871397 -0.296349 -0.561189 -0.478375 -0.871081 -0.419906 -0.602829 
-0.314711 -0.245689 -0.493931 -0.071228 -0.0747677 -0.928654 -0.773273 -0.464035 -0.434043 
0.654296 0.0669005 0.335565 0.234665 0.348246 0.850197 0.568998 0.908557 0.289254 
-0.294939 -0.311079 -0.659935 -0.0839794 -0.414106 -0.482392 -0.827021 -0.816225 -0.452576 
-0.388139 -0.286774 -0.558596 -0.19068 -0.296936 -0.0118846 0.197394 -0.452533 -0.54158 
Layer 3 Weights: 0.274237 0.0497989 -0.308097 0.144384 -0.433441 -0.402184 -0.180822 -0.445961 -0.332313 
0.364299 -0.300264 0.379268 -0.0455856 0.166487 0.22572 -0.386398 -0.259951 0.0417192 
-0.32095 -0.155754 -0.228202 -0.408528 -0.449971 0.210745 -0.1927 0.370711 0.334499 
-0.445431 0.236618 -0.401378 -0.386689 0.260726 -0.338586 0.253852 0.0483918 -0.0759449 
-0.0561589 0.342811 -0.0675956 0.105424 -0.356322 -0.138243 0.151148 0.335326 0.399686 
-0.306101 -0.158755 -0.00158235 -0.382499 -0.452163 -0.140607 -0.189228 0.0902477 -0.409564 
0.0891119 -0.137765 -0.448203 -0.354635 0.141906 -0.467077 0.416282 -0.252379 0.089394 
0.389528 -0.0528134 -0.239511 -0.349758 0.232969 -0.0132243 -0.0296239 0.393725 0.112916 
-0.31456 -0.164698 -0.349898 0.194986 0.0290034 -0.224705 -0.201322 -0.156626 -0.316358 
Loss: 13.3127
Layer 1 Probabilities: 0 0 0 0 0 0 0 0 0 
Layer 2 Probabilities: 0 0 0 0 0 0 0 0 0 
Layer 3 Probabilities: 0.00438741 0.00426893 0.00437322 0.107153 0.0287862 0.00438045 0.83782 0.00445848 0.00437226 
Layer 1 Error: 1 1 1 1 1 1 1 1 1 
Layer 2 Error: 1 1 1 1 1 1 1 1 1 
Layer 3 Error: -0.00438741 -0.00426893 -0.00437322 -0.107153 -0.0287862 -0.00438045 0.16218 -0.00445848 -0.00437226 
Process: 50 | Time taken: 2732 microseconds | Errors below threshold: 7/9
Layer 1 Outputs: 2.54046 2.44155 3.42334 2.08493 2.37659 3.35851 3.94159 2.701 2.77695 
Layer 2 Outputs: -0.0408562 -0.0328073 -0.0141036 -0.0305367 -0.141994 -0.125956 13.3399 -0.138233 -0.0690553 
Layer 3 Outputs: -0.0221825 -0.0517252 -0.0256368 3.42844 2.00913 -0.0238715 5.64859 -0.00478941 -0.025907 
Layer 1 Weights: 0.845629 -0.715357 -0.656135 -0.260326 -0.345719 -0.223567 0.0908868 0.865877 0.472766 
0.126032 -0.637709 -0.48609 -0.644277 -0.1911 -0.100744 0.536957 0.505376 0.38564 
0.692303 -0.922069 -0.868996 -0.458053 -0.680264 -0.416151 0.1678 0.786611 0.833059 
0.716755 -0.96819 -0.790744 -0.442169 -0.092081 -0.246647 0.226213 0.13936 0.0936177 
0.400382 -0.215944 -0.307476 -0.961804 -0.271503 -0.528832 0.225446 0.22645 0.859066 
0.0542722 -0.858029 -0.66765 -0.380524 -0.882042 -0.394465 0.185467 0.578277 0.820504 
0.962439 -0.622968 -0.876435 -0.429804 -0.828637 -0.143641 0.941909 0.717535 0.721323 
0.186894 -0.199534 -0.220463 -0.655763 -0.869699 -0.42545 0.0587043 0.656198 0.692358 
0.512146 -0.80805 -0.539303 -0.549324 -0.260757 -0.456505 0.0463149 0.836593 0.831809 
Layer 2 Weights: 0.221406 -0.49916 -0.0988676 -0.28726 -0.456367 0.20476 -0.237547 -0.0121943 -0.341926 
-0.236259 -0.377089 0.112557 -0.192883 0.173948 -0.38096 -0.0463383 -0.143823 -0.0391122 
0.366889 0.00447249 -0.411763 -0.448753 0.33473 -0.608669 0.217455 0.0179676 0.183658 
0.0250754 -0.207503 -0.412406 0.159347 -0.0396461 -0.0191835 0.0921405 -0.491594 -0.0731625 
-0.258515 -0.0443689 -0.879986 -0.308817 -0.572494 -0.487051 -0.8791 -0.42992 -0.612577 
-0.32159 -0.25298 -0.498738 -0.0803318 -0.0823949 -0.933536 -0.777628 -0.47021 -0.439942 
0.664636 0.0776774 0.343418 0.247165 0.359368 0.858149 0.576219 0.918106 0.298477 
-0.301849 -0.3184 -0.664769 -0.0931128 -0.421764 -0.4873 -0.831401 -0.82243 -0.458504 
-0.394693 -0.293282 -0.558914 -0.195009 -0.303242 -0.0122179 0.197138 -0.456216 -0.543076 
Layer 3 Weights: 0.274237 0.0497989 -0.308097 0.144384 -0.433441 -0.402184 -0.180822 -0.445961 -0.332313 
0.364299 -0.300264 0.379268 -0.0455856 0.166487 0.22572 -0.386398 -0.259951 0.0417192 
-0.32095 -0.155754 -0.228202 -0.408528 -0.449971 0.210745 -0.1927 0.370711 0.334499 
-0.445431 0.236618 -0.401378 -0.386689 0.260726 -0.338586 0.253852 0.0483918 -0.0759449 
-0.0561589 0.342811 -0.0675956 0.105424 -0.356322 -0.138243 0.151148 0.335326 0.399686 
-0.306101 -0.158755 -0.00158235 -0.382499 -0.452163 -0.140607 -0.189228 0.0902477 -0.409564 
0.0891119 -0.137765 -0.448203 -0.354635 0.141906 -0.467077 0.416282 -0.252379 0.089394 
0.389528 -0.0528134 -0.239511 -0.349758 0.232969 -0.0132243 -0.0296239 0.393725 0.112916 
-0.31456 -0.164698 -0.349898 0.194986 0.0290034 -0.224705 -0.201322 -0.156626 -0.316358 
Loss: 13.3291
Layer 1 Probabilities: 0 0 0 0 0 0 0 0 0 
Layer 2 Probabilities: 0 0 0 0 0 0 0 0 0 
Layer 3 Probabilities: 0.00362188 0.00352026 0.00360977 0.100459 0.0256113 0.00361594 0.85227 0.00368298 0.00360889 
Layer 1 Error: 1 1 1 1 1 1 1 1 1 
Layer 2 Error: 1 1 1 1 1 1 1 1 1 
Layer 3 Error: -0.00362188 -0.00352026 -0.00360977 -0.100459 -0.0256113 -0.00361594 0.14773 -0.00368298 -0.00360889 
Process: 51 | Time taken: 1125 microseconds | Errors below threshold: 7/9
Layer 1 Outputs: 2.60202 2.50443 3.4797 2.15377 2.44086 3.41487 3.99795 2.75953 2.83437 
Layer 2 Outputs: -0.0424087 -0.03398 -0.0145181 -0.032615 -0.14715 -0.129705 13.837 -0.142334 -0.0713112 
Layer 3 Outputs: -0.0230248 -0.0536563 -0.026586 3.55593 2.08385 -0.0247635 5.85834 -0.00496406 -0.0268831 
Layer 1 Weights: 0.856402 -0.72613 -0.666908 -0.271099 -0.356491 -0.234339 0.101659 0.87665 0.483538 
0.137036 -0.648713 -0.497094 -0.65528 -0.202104 -0.111748 0.547961 0.51638 0.396643 
0.702166 -0.931932 -0.878859 -0.467916 -0.690127 -0.426014 0.177663 0.796474 0.842922 
0.728801 -0.980236 -0.80279 -0.454215 -0.104127 -0.258693 0.238259 0.151406 0.105664 
0.411629 -0.22719 -0.318723 -0.97305 -0.28275 -0.540078 0.236693 0.237697 0.870312 
0.0641353 -0.867892 -0.677513 -0.390387 -0.891905 -0.404328 0.19533 0.58814 0.830368 
0.972302 -0.632831 -0.886298 -0.439667 -0.8385 -0.153504 0.951772 0.727398 0.731186 
0.197136 -0.209777 -0.230706 -0.666006 -0.879941 -0.435692 0.0689468 0.666441 0.702601 
0.522194 -0.818098 -0.549351 -0.559373 -0.270805 -0.466554 0.056363 0.846641 0.841858 
Layer 2 Weights: 0.215294 -0.505172 -0.0991611 -0.290927 -0.462115 0.204458 -0.237803 -0.0131601 -0.342557 
-0.238352 -0.383047 0.112241 -0.196372 0.168279 -0.381282 -0.0466234 -0.144472 -0.03962 
0.366236 0.00376922 -0.412283 -0.451881 0.333965 -0.609197 0.21698 0.0173643 0.183065 
0.0145804 -0.22092 -0.413475 0.145682 -0.0531859 -0.0203009 0.0912992 -0.495353 -0.0758169 
-0.268781 -0.0549955 -0.888201 -0.320923 -0.58341 -0.495352 -0.886758 -0.43954 -0.621933 
-0.328015 -0.259799 -0.503201 -0.0889073 -0.0895365 -0.938068 -0.781666 -0.475965 -0.445435 
0.674647 0.0881281 0.350964 0.259373 0.370168 0.865792 0.583144 0.927327 0.307376 
-0.308303 -0.325249 -0.669257 -0.101718 -0.428935 -0.491857 -0.835462 -0.828213 -0.464024 
-0.400816 -0.29937 -0.559208 -0.199094 -0.309148 -0.012525 0.196902 -0.459646 -0.544467 
Layer 3 Weights: 0.274237 0.0497989 -0.308097 0.144384 -0.433441 -0.402184 -0.180822 -0.445961 -0.332313 
0.364299 -0.300264 0.379268 -0.0455856 0.166487 0.22572 -0.386398 -0.259951 0.0417192 
-0.32095 -0.155754 -0.228202 -0.408528 -0.449971 0.210745 -0.1927 0.370711 0.334499 
-0.445431 0.236618 -0.401378 -0.386689 0.260726 -0.338586 0.253852 0.0483918 -0.0759449 
-0.0561589 0.342811 -0.0675956 0.105424 -0.356322 -0.138243 0.151148 0.335326 0.399686 
-0.306101 -0.158755 -0.00158235 -0.382499 -0.452163 -0.140607 -0.189228 0.0902477 -0.409564 
0.0891119 -0.137765 -0.448203 -0.354635 0.141906 -0.467077 0.416282 -0.252379 0.089394 
0.389528 -0.0528134 -0.239511 -0.349758 0.232969 -0.0132243 -0.0296239 0.393725 0.112916 
-0.31456 -0.164698 -0.349898 0.194986 0.0290034 -0.224705 -0.201322 -0.156626 -0.316358 
Loss: 13.3428
Layer 1 Probabilities: 0 0 0 0 0 0 0 0 0 
Layer 2 Probabilities: 0 0 0 0 0 0 0 0 0 
Layer 3 Probabilities: 0.00298167 0.00289487 0.00297139 0.0939826 0.0227326 0.00297664 0.865456 0.00303398 0.00297058 
Layer 1 Error: 1 1 1 1 1 1 1 1 1 
Layer 2 Error: 1 1 1 1 1 1 1 1 1 
Layer 3 Error: -0.00298167 -0.00289487 -0.00297139 -0.0939826 -0.0227326 -0.00297664 0.134544 -0.00303398 -0.00297058 
Process: 52 | Time taken: 3615 microseconds | Errors below threshold: 7/9
Layer 1 Outputs: 2.66347 2.56717 3.53603 2.22238 2.50497 3.4712 4.05429 2.81799 2.89174 
Layer 2 Outputs: -0.0439474 -0.0351422 -0.0149254 -0.0347475 -0.152302 -0.133408 14.3353 -0.146389 -0.0735502 
Layer 3 Outputs: -0.0238696 -0.0555916 -0.0275369 3.6837 2.15875 -0.0256576 6.06855 -0.00513862 -0.027862 
Layer 1 Weights: 0.867155 -0.736882 -0.67766 -0.281851 -0.367244 -0.245092 0.112412 0.887403 0.494291 
0.148016 -0.659693 -0.508074 -0.666261 -0.213084 -0.122728 0.558942 0.52736 0.407624 
0.712024 -0.94179 -0.888717 -0.477774 -0.699985 -0.435872 0.187521 0.806332 0.85278 
0.740809 -0.992243 -0.814798 -0.466223 -0.116135 -0.270701 0.250266 0.163414 0.117671 
0.422848 -0.23841 -0.329942 -0.98427 -0.293969 -0.551297 0.247912 0.248916 0.881532 
0.0739933 -0.87775 -0.687371 -0.400245 -0.901763 -0.414186 0.205188 0.597998 0.840226 
0.98216 -0.642689 -0.896156 -0.449525 -0.848358 -0.163362 0.96163 0.737256 0.741044 
0.207367 -0.220008 -0.240937 -0.676237 -0.890173 -0.445923 0.0791781 0.676672 0.712832 
0.532234 -0.828138 -0.559391 -0.569413 -0.280845 -0.476594 0.0664031 0.856681 0.851898 
Layer 2 Weights: 0.2096 -0.510781 -0.0994301 -0.294376 -0.467483 0.204181 -0.238038 -0.0140552 -0.34314 
-0.240298 -0.388603 0.111953 -0.199654 0.162985 -0.381576 -0.0468837 -0.145071 -0.0400877 
0.365637 0.00312375 -0.412757 -0.454816 0.333261 -0.609678 0.216548 0.0168127 0.182524 
0.00421195 -0.234132 -0.414514 0.132143 -0.0665309 -0.0213883 0.0904859 -0.49907 -0.0784344 
-0.278642 -0.0652161 -0.896039 -0.332645 -0.593921 -0.503273 -0.894052 -0.448759 -0.630891 
-0.333999 -0.266159 -0.507335 -0.0969585 -0.0962044 -0.942267 -0.785402 -0.481314 -0.450536 
0.684324 0.0982449 0.358202 0.271275 0.380636 0.873126 0.589775 0.936217 0.315946 
-0.314316 -0.331638 -0.673415 -0.1098 -0.435632 -0.496081 -0.83922 -0.833589 -0.469153 
-0.406519 -0.305049 -0.559477 -0.202934 -0.314664 -0.0128075 0.196686 -0.462834 -0.545757 
Layer 3 Weights: 0.274237 0.0497989 -0.308097 0.144384 -0.433441 -0.402184 -0.180822 -0.445961 -0.332313 
0.364299 -0.300264 0.379268 -0.0455856 0.166487 0.22572 -0.386398 -0.259951 0.0417192 
-0.32095 -0.155754 -0.228202 -0.408528 -0.449971 0.210745 -0.1927 0.370711 0.334499 
-0.445431 0.236618 -0.401378 -0.386689 0.260726 -0.338586 0.253852 0.0483918 -0.0759449 
-0.0561589 0.342811 -0.0675956 0.105424 -0.356322 -0.138243 0.151148 0.335326 0.399686 
-0.306101 -0.158755 -0.00158235 -0.382499 -0.452163 -0.140607 -0.189228 0.0902477 -0.409564 
0.0891119 -0.137765 -0.448203 -0.354635 0.141906 -0.467077 0.416282 -0.252379 0.089394 
0.389528 -0.0528134 -0.239511 -0.349758 0.232969 -0.0132243 -0.0296239 0.393725 0.112916 
-0.31456 -0.164698 -0.349898 0.194986 0.0290034 -0.224705 -0.201322 -0.156626 -0.316358 
Loss: 13.3544
Layer 1 Probabilities: 0 0 0 0 0 0 0 0 0 
Layer 2 Probabilities: 0 0 0 0 0 0 0 0 0 
Layer 3 Probabilities: 0.00244897 0.00237509 0.00244027 0.0877611 0.0201367 0.00244472 0.87746 0.0024936 0.00243954 
Layer 1 Error: 1 1 1 1 1 1 1 1 1 
Layer 2 Error: 1 1 1 1 1 1 1 1 1 
Layer 3 Error: -0.00244897 -0.00237509 -0.00244027 -0.0877611 -0.0201367 -0.00244472 0.12254 -0.0024936 -0.00243954 
Process: 53 | Time taken: 813 microseconds | Errors below threshold: 7/9
Layer 1 Outputs: 2.7248 2.62978 3.59233 2.29078 2.56892 3.5275 4.11059 2.87639 2.94907 
Layer 2 Outputs: -0.0454708 -0.0362925 -0.0153255 -0.0369298 -0.157442 -0.137065 14.8341 -0.150397 -0.0757708 
Layer 3 Outputs: -0.0247161 -0.057529 -0.0284885 3.81161 2.23374 -0.0265529 6.27897 -0.00531291 -0.0288423 
Layer 1 Weights: 0.877888 -0.747616 -0.688394 -0.292585 -0.377977 -0.255825 0.123145 0.898136 0.505024 
0.158973 -0.67065 -0.519031 -0.677218 -0.224041 -0.133685 0.569898 0.538317 0.418581 
0.721877 -0.951643 -0.898569 -0.487626 -0.709838 -0.445724 0.197374 0.816185 0.862632 
0.752777 -1.00421 -0.826767 -0.478192 -0.128104 -0.28267 0.262235 0.175383 0.12964 
0.43404 -0.249602 -0.341134 -0.995462 -0.305161 -0.562489 0.259104 0.260108 0.892724 
0.0838459 -0.887602 -0.697224 -0.410098 -0.911616 -0.424038 0.21504 0.607851 0.850078 
0.992013 -0.652541 -0.906009 -0.459377 -0.858211 -0.173215 0.971483 0.747109 0.750897 
0.217587 -0.230228 -0.251157 -0.686457 -0.900393 -0.456143 0.0893982 0.686892 0.723052 
0.542266 -0.83817 -0.569423 -0.579445 -0.290877 -0.486626 0.076435 0.866713 0.86193 
Layer 2 Weights: 0.204309 -0.516 -0.0996763 -0.29761 -0.472485 0.203928 -0.238252 -0.0148831 -0.343679 
-0.242104 -0.393772 0.111689 -0.20273 0.158054 -0.381845 -0.0471212 -0.145623 -0.0405178 
0.365089 0.00253189 -0.413189 -0.457559 0.332615 -0.610117 0.216154 0.0163087 0.182029 
-0.00600803 -0.247119 -0.415524 0.118756 -0.0796604 -0.0224452 0.0897005 -0.502736 -0.0810094 
-0.288088 -0.0750202 -0.9035 -0.343961 -0.604015 -0.510815 -0.900983 -0.45757 -0.639446 
-0.33956 -0.272076 -0.511156 -0.104495 -0.102414 -0.94615 -0.788852 -0.486275 -0.455264 
0.693663 0.108023 0.365136 0.282856 0.390765 0.880154 0.596115 0.944774 0.324188 
-0.319904 -0.337583 -0.677259 -0.117366 -0.441871 -0.499987 -0.842691 -0.838577 -0.473907 
-0.411818 -0.310333 -0.559725 -0.206532 -0.319803 -0.013067 0.196488 -0.46579 -0.546951 
Layer 3 Weights: 0.274237 0.0497989 -0.308097 0.144384 -0.433441 -0.402184 -0.180822 -0.445961 -0.332313 
0.364299 -0.300264 0.379268 -0.0455856 0.166487 0.22572 -0.386398 -0.259951 0.0417192 
-0.32095 -0.155754 -0.228202 -0.408528 -0.449971 0.210745 -0.1927 0.370711 0.334499 
-0.445431 0.236618 -0.401378 -0.386689 0.260726 -0.338586 0.253852 0.0483918 -0.0759449 
-0.0561589 0.342811 -0.0675956 0.105424 -0.356322 -0.138243 0.151148 0.335326 0.399686 
-0.306101 -0.158755 -0.00158235 -0.382499 -0.452163 -0.140607 -0.189228 0.0902477 -0.409564 
0.0891119 -0.137765 -0.448203 -0.354635 0.141906 -0.467077 0.416282 -0.252379 0.089394 
0.389528 -0.0528134 -0.239511 -0.349758 0.232969 -0.0132243 -0.0296239 0.393725 0.112916 
-0.31456 -0.164698 -0.349898 0.194986 0.0290034 -0.224705 -0.201322 -0.156626 -0.316358 
Loss: 13.3642
Layer 1 Probabilities: 0 0 0 0 0 0 0 0 0 
Layer 2 Probabilities: 0 0 0 0 0 0 0 0 0 
Layer 3 Probabilities: 0.00200766 0.00194498 0.00200031 0.0818213 0.0178069 0.00200408 0.888369 0.00204562 0.00199966 
Layer 1 Error: 1 1 1 1 1 1 1 1 1 
Layer 2 Error: 1 1 1 1 1 1 1 1 1 
Layer 3 Error: -0.00200766 -0.00194498 -0.00200031 -0.0818213 -0.0178069 -0.00200408 0.111631 -0.00204562 -0.00199966 
Process: 54 | Time taken: 847 microseconds | Errors below threshold: 7/9
Layer 1 Outputs: 2.78602 2.69226 3.6486 2.35895 2.63272 3.58377 4.16686 2.93473 3.00634 
Layer 2 Outputs: -0.0469777 -0.0374301 -0.0157184 -0.0391574 -0.162562 -0.140674 15.333 -0.154356 -0.0779713 
Layer 3 Outputs: -0.0255631 -0.0594663 -0.0294397 3.93952 2.30874 -0.0274482 6.48937 -0.00548674 -0.0298232 
Layer 1 Weights: 0.888602 -0.758329 -0.699107 -0.303298 -0.388691 -0.266539 0.133859 0.908849 0.515738 
0.169907 -0.681584 -0.529965 -0.688151 -0.234975 -0.144618 0.580832 0.549251 0.429514 
0.731724 -0.96149 -0.908417 -0.497473 -0.719685 -0.455572 0.207221 0.826032 0.87248 
0.764707 -1.01614 -0.838697 -0.490122 -0.140034 -0.2946 0.274165 0.187313 0.14157 
0.445205 -0.260767 -0.352299 -1.00663 -0.316326 -0.573654 0.270269 0.271273 0.903889 
0.0936931 -0.897449 -0.707071 -0.419945 -0.921463 -0.433886 0.224887 0.617698 0.859925 
1.00186 -0.662389 -0.915856 -0.469224 -0.868058 -0.183062 0.98133 0.756956 0.760744 
0.227796 -0.240437 -0.261366 -0.696666 -0.910602 -0.466352 0.099607 0.697101 0.733261 
0.55229 -0.848193 -0.579447 -0.589468 -0.3009 -0.496649 0.0864586 0.876736 0.871953 
Layer 2 Weights: 0.199403 -0.520845 -0.0999015 -0.300631 -0.477134 0.203696 -0.238447 -0.0156475 -0.344175 
-0.243777 -0.398569 0.111449 -0.205605 0.153473 -0.382091 -0.0473377 -0.146131 -0.0409129 
0.364588 0.00198972 -0.413583 -0.460118 0.332022 -0.610516 0.215795 0.0158486 0.181578 
-0.0160598 -0.259863 -0.416502 0.105546 -0.0925555 -0.023471 0.0889429 -0.506343 -0.0835371 
-0.297115 -0.084401 -0.910584 -0.354856 -0.613685 -0.517978 -0.907554 -0.465972 -0.647596 
-0.344715 -0.277567 -0.514683 -0.111529 -0.108182 -0.949733 -0.792032 -0.490866 -0.459637 
0.702661 0.117458 0.371769 0.294107 0.400552 0.886878 0.602168 0.953 0.332102 
-0.325086 -0.343102 -0.680807 -0.12443 -0.447667 -0.503592 -0.845892 -0.843194 -0.478305 
-0.416732 -0.315238 -0.559952 -0.209894 -0.324577 -0.0133052 0.196306 -0.468525 -0.548055 
Layer 3 Weights: 0.274237 0.0497989 -0.308097 0.144384 -0.433441 -0.402184 -0.180822 -0.445961 -0.332313 
0.364299 -0.300264 0.379268 -0.0455856 0.166487 0.22572 -0.386398 -0.259951 0.0417192 
-0.32095 -0.155754 -0.228202 -0.408528 -0.449971 0.210745 -0.1927 0.370711 0.334499 
-0.445431 0.236618 -0.401378 -0.386689 0.260726 -0.338586 0.253852 0.0483918 -0.0759449 
-0.0561589 0.342811 -0.0675956 0.105424 -0.356322 -0.138243 0.151148 0.335326 0.399686 
-0.306101 -0.158755 -0.00158235 -0.382499 -0.452163 -0.140607 -0.189228 0.0902477 -0.409564 
0.0891119 -0.137765 -0.448203 -0.354635 0.141906 -0.467077 0.416282 -0.252379 0.089394 
0.389528 -0.0528134 -0.239511 -0.349758 0.232969 -0.0132243 -0.0296239 0.393725 0.112916 
-0.31456 -0.164698 -0.349898 0.194986 0.0290034 -0.224705 -0.201322 -0.156626 -0.316358 
Loss: 13.3724
Layer 1 Probabilities: 0 0 0 0 0 0 0 0 0 
Layer 2 Probabilities: 0 0 0 0 0 0 0 0 0 
Layer 3 Probabilities: 0.00164343 0.00159038 0.00163725 0.076181 0.0157248 0.00164042 0.89827 0.00167563 0.00163667 
Layer 1 Error: 1 1 1 1 1 1 1 1 1 
Layer 2 Error: 1 1 1 1 1 1 1 1 1 
Layer 3 Error: -0.00164343 -0.00159038 -0.00163725 -0.076181 -0.0157248 -0.00164042 0.10173 -0.00167563 -0.00163667 
Process: 55 | Time taken: 980 microseconds | Errors below threshold: 7/9
Layer 1 Outputs: 2.84713 2.75461 3.70484 2.4269 2.69637 3.64001 4.22309 2.993 3.06357 
Layer 2 Outputs: -0.0484671 -0.0385542 -0.0161041 -0.0414257 -0.167655 -0.144233 15.8313 -0.158264 -0.0801509 
Layer 3 Outputs: -0.0264099 -0.0614017 -0.0303897 4.06731 2.38367 -0.0283427 6.69956 -0.00565996 -0.0308035 
Layer 1 Weights: 0.899296 -0.769023 -0.709801 -0.313992 -0.399385 -0.277233 0.144553 0.919544 0.526432 
0.180817 -0.692494 -0.540875 -0.699062 -0.245885 -0.155529 0.591743 0.560161 0.440425 
0.741566 -0.971332 -0.918258 -0.507315 -0.729527 -0.465413 0.217063 0.835874 0.882321 
0.776598 -1.02803 -0.850588 -0.502013 -0.151925 -0.306491 0.286056 0.199204 0.153461 
0.456343 -0.271904 -0.363437 -1.01776 -0.327464 -0.584792 0.281407 0.282411 0.915026 
0.103535 -0.907291 -0.716912 -0.429787 -0.931305 -0.443727 0.234729 0.62754 0.869767 
1.0117 -0.67223 -0.925698 -0.479066 -0.8779 -0.192904 0.991172 0.766798 0.770586 
0.237994 -0.250634 -0.271564 -0.706864 -0.920799 -0.47655 0.109805 0.707299 0.743459 
0.562305 -0.858209 -0.589462 -0.599484 -0.310916 -0.506665 0.096474 0.886752 0.881969 
Layer 2 Weights: 0.194863 -0.525334 -0.100107 -0.303447 -0.481444 0.203484 -0.238626 -0.0163521 -0.344631 
-0.245322 -0.403011 0.11123 -0.208283 0.149227 -0.382315 -0.047535 -0.146599 -0.0412753 
0.36413 0.00149348 -0.413942 -0.462497 0.331478 -0.61088 0.215469 0.0154287 0.181166 
-0.0259257 -0.272347 -0.41745 0.0925354 -0.105199 -0.0244652 0.0882126 -0.509883 -0.0860131 
-0.30572 -0.0933552 -0.917296 -0.365318 -0.622924 -0.524766 -0.913771 -0.473964 -0.655343 
-0.349485 -0.282652 -0.517931 -0.118077 -0.113529 -0.953035 -0.794959 -0.495107 -0.463674 
0.711319 0.12655 0.378106 0.305019 0.409994 0.893304 0.607941 0.960895 0.339691 
-0.329882 -0.348214 -0.684077 -0.131007 -0.453041 -0.506915 -0.848838 -0.847459 -0.482366 
-0.421279 -0.319781 -0.56016 -0.213025 -0.329004 -0.0135235 0.19614 -0.471051 -0.549072 
Layer 3 Weights: 0.274237 0.0497989 -0.308097 0.144384 -0.433441 -0.402184 -0.180822 -0.445961 -0.332313 
0.364299 -0.300264 0.379268 -0.0455856 0.166487 0.22572 -0.386398 -0.259951 0.0417192 
-0.32095 -0.155754 -0.228202 -0.408528 -0.449971 0.210745 -0.1927 0.370711 0.334499 
-0.445431 0.236618 -0.401378 -0.386689 0.260726 -0.338586 0.253852 0.0483918 -0.0759449 
-0.0561589 0.342811 -0.0675956 0.105424 -0.356322 -0.138243 0.151148 0.335326 0.399686 
-0.306101 -0.158755 -0.00158235 -0.382499 -0.452163 -0.140607 -0.189228 0.0902477 -0.409564 
0.0891119 -0.137765 -0.448203 -0.354635 0.141906 -0.467077 0.416282 -0.252379 0.089394 
0.389528 -0.0528134 -0.239511 -0.349758 0.232969 -0.0132243 -0.0296239 0.393725 0.112916 
-0.31456 -0.164698 -0.349898 0.194986 0.0290034 -0.224705 -0.201322 -0.156626 -0.316358 
Loss: 13.3793
Layer 1 Probabilities: 0 0 0 0 0 0 0 0 0 
Layer 2 Probabilities: 0 0 0 0 0 0 0 0 0 
Layer 3 Probabilities: 0.00134377 0.00129898 0.00133857 0.07085 0.0138707 0.00134124 0.907248 0.00137102 0.00133806 
Layer 1 Error: 1 1 1 1 1 1 1 1 1 
Layer 2 Error: 1 1 1 1 1 1 1 1 1 
Layer 3 Error: -0.00134377 -0.00129898 -0.00133857 -0.07085 -0.0138707 -0.00134124 0.0927523 -0.00137102 -0.00133806 
Process: 56 | Time taken: 832 microseconds | Errors below threshold: 7/9
Layer 1 Outputs: 2.90813 2.81682 3.76105 2.49462 2.75986 3.69622 4.2793 3.05121 3.12076 
Layer 2 Outputs: -0.0499384 -0.0396642 -0.0164828 -0.0437305 -0.172715 -0.147742 16.3287 -0.162122 -0.0823087 
Layer 3 Outputs: -0.0272556 -0.0633333 -0.0313377 4.19486 2.45847 -0.0292357 6.90933 -0.00583244 -0.0317823 
Layer 1 Weights: 0.90997 -0.779698 -0.720476 -0.324667 -0.41006 -0.287908 0.155228 0.930218 0.537107 
0.191705 -0.703382 -0.551763 -0.709949 -0.256773 -0.166416 0.60263 0.571049 0.451312 
0.751402 -0.981168 -0.928094 -0.517151 -0.739363 -0.475249 0.226899 0.84571 0.892157 
0.788451 -1.03989 -0.86244 -0.513865 -0.163777 -0.318343 0.297908 0.211056 0.165313 
0.467454 -0.283016 -0.374548 -1.02888 -0.338575 -0.595903 0.292518 0.293522 0.926138 
0.113371 -0.917127 -0.726749 -0.439623 -0.941141 -0.453563 0.244565 0.637376 0.879603 
1.02154 -0.682066 -0.935534 -0.488902 -0.887736 -0.20274 1.00101 0.776634 0.780422 
0.24818 -0.260821 -0.28175 -0.71705 -0.930986 -0.486736 0.119991 0.717485 0.753645 
0.572312 -0.868216 -0.599469 -0.609491 -0.320923 -0.516672 0.106481 0.896759 0.891976 
Layer 2 Weights: 0.190669 -0.529483 -0.100295 -0.306065 -0.485433 0.203291 -0.238789 -0.0170005 -0.34505 
-0.246748 -0.407117 0.111029 -0.210773 0.145298 -0.382519 -0.0477147 -0.147028 -0.0416075 
0.363712 0.00103966 -0.414268 -0.464705 0.330981 -0.611211 0.215172 0.0150458 0.180791 
-0.0355902 -0.284557 -0.418368 0.0797447 -0.117575 -0.0254277 0.0875096 -0.513351 -0.0884336 
-0.313904 -0.101883 -0.923642 -0.375341 -0.631732 -0.531187 -0.919641 -0.48155 -0.66269 
-0.353889 -0.287353 -0.520919 -0.124159 -0.118476 -0.956072 -0.797649 -0.499018 -0.467395 
0.719639 0.135298 0.384153 0.315587 0.41909 0.899438 0.613439 0.968464 0.346961 
-0.334311 -0.35294 -0.687084 -0.137118 -0.458014 -0.509972 -0.851546 -0.851394 -0.48611 
-0.425478 -0.323981 -0.560351 -0.215935 -0.3331 -0.0137234 0.195989 -0.473379 -0.55001 
Layer 3 Weights: 0.274237 0.0497989 -0.308097 0.144384 -0.433441 -0.402184 -0.180822 -0.445961 -0.332313 
0.364299 -0.300264 0.379268 -0.0455856 0.166487 0.22572 -0.386398 -0.259951 0.0417192 
-0.32095 -0.155754 -0.228202 -0.408528 -0.449971 0.210745 -0.1927 0.370711 0.334499 
-0.445431 0.236618 -0.401378 -0.386689 0.260726 -0.338586 0.253852 0.0483918 -0.0759449 
-0.0561589 0.342811 -0.0675956 0.105424 -0.356322 -0.138243 0.151148 0.335326 0.399686 
-0.306101 -0.158755 -0.00158235 -0.382499 -0.452163 -0.140607 -0.189228 0.0902477 -0.409564 
0.0891119 -0.137765 -0.448203 -0.354635 0.141906 -0.467077 0.416282 -0.252379 0.089394 
0.389528 -0.0528134 -0.239511 -0.349758 0.232969 -0.0132243 -0.0296239 0.393725 0.112916 
-0.31456 -0.164698 -0.349898 0.194986 0.0290034 -0.224705 -0.201322 -0.156626 -0.316358 
Loss: 13.3851
Layer 1 Probabilities: 0 0 0 0 0 0 0 0 0 
Layer 2 Probabilities: 0 0 0 0 0 0 0 0 0 
Layer 3 Probabilities: 0.00109787 0.00106012 0.00109351 0.0658314 0.0122247 0.00109575 0.915383 0.00112089 0.00109306 
Layer 1 Error: 1 1 1 1 1 1 1 1 1 
Layer 2 Error: 1 1 1 1 1 1 1 1 1 
Layer 3 Error: -0.00109787 -0.00106012 -0.00109351 -0.0658314 -0.0122247 -0.00109575 0.0846173 -0.00112089 -0.00109306 
Process: 57 | Time taken: 1535 microseconds | Errors below threshold: 7/9
Layer 1 Outputs: 2.96901 2.87891 3.81722 2.56213 2.8232 3.75239 4.33547 3.10935 3.17789 
Layer 2 Outputs: -0.0513911 -0.0407599 -0.0168544 -0.0460673 -0.177738 -0.151202 16.8248 -0.165929 -0.0844445 
Layer 3 Outputs: -0.0280997 -0.0652597 -0.0322828 4.32207 2.53308 -0.0301264 7.11853 -0.00600406 -0.0327588 
Layer 1 Weights: 0.920626 -0.790353 -0.731131 -0.335322 -0.420715 -0.298563 0.165883 0.940874 0.547762 
0.202569 -0.714247 -0.562627 -0.720814 -0.267637 -0.177281 0.613495 0.581913 0.462177 
0.761232 -0.990998 -0.937925 -0.526982 -0.749193 -0.48508 0.236729 0.85554 0.901988 
0.800264 -1.0517 -0.874253 -0.525678 -0.17559 -0.330156 0.309722 0.222869 0.177127 
0.478538 -0.2941 -0.385632 -1.03996 -0.34966 -0.606988 0.303602 0.304607 0.937222 
0.123201 -0.926958 -0.736579 -0.449453 -0.950971 -0.463394 0.254396 0.647206 0.889434 
1.03137 -0.691897 -0.945364 -0.498733 -0.897566 -0.21257 1.01084 0.786464 0.790252 
0.258355 -0.270996 -0.291925 -0.727225 -0.941161 -0.496911 0.130166 0.72766 0.76382 
0.582311 -0.878214 -0.609468 -0.619489 -0.330921 -0.52667 0.11648 0.906757 0.901974 
Layer 2 Weights: 0.186803 -0.533313 -0.100467 -0.308493 -0.489116 0.203114 -0.238937 -0.0175965 -0.345435 
-0.248061 -0.410905 0.110847 -0.213081 0.141671 -0.382705 -0.0478783 -0.147422 -0.0419116 
0.36333 0.000624958 -0.414565 -0.466749 0.330525 -0.611513 0.214902 0.0146967 0.18045 
-0.0450398 -0.296481 -0.419254 0.067192 -0.129671 -0.0263583 0.0868334 -0.516742 -0.0907953 
-0.321673 -0.109986 -0.929632 -0.384918 -0.64011 -0.537246 -0.925172 -0.488737 -0.669645 
-0.35795 -0.291691 -0.523664 -0.129795 -0.123043 -0.958862 -0.800118 -0.502619 -0.47082 
0.727625 0.143707 0.389917 0.325806 0.427842 0.905286 0.618671 0.975711 0.353915 
-0.338396 -0.357302 -0.689848 -0.142782 -0.462606 -0.512781 -0.854032 -0.855016 -0.489555 
-0.429349 -0.327857 -0.560525 -0.218633 -0.336882 -0.0139062 0.19585 -0.475523 -0.550872 
Layer 3 Weights: 0.274237 0.0497989 -0.308097 0.144384 -0.433441 -0.402184 -0.180822 -0.445961 -0.332313 
0.364299 -0.300264 0.379268 -0.0455856 0.166487 0.22572 -0.386398 -0.259951 0.0417192 
-0.32095 -0.155754 -0.228202 -0.408528 -0.449971 0.210745 -0.1927 0.370711 0.334499 
-0.445431 0.236618 -0.401378 -0.386689 0.260726 -0.338586 0.253852 0.0483918 -0.0759449 
-0.0561589 0.342811 -0.0675956 0.105424 -0.356322 -0.138243 0.151148 0.335326 0.399686 
-0.306101 -0.158755 -0.00158235 -0.382499 -0.452163 -0.140607 -0.189228 0.0902477 -0.409564 
0.0891119 -0.137765 -0.448203 -0.354635 0.141906 -0.467077 0.416282 -0.252379 0.089394 
0.389528 -0.0528134 -0.239511 -0.349758 0.232969 -0.0132243 -0.0296239 0.393725 0.112916 
-0.31456 -0.164698 -0.349898 0.194986 0.0290034 -0.224705 -0.201322 -0.156626 -0.316358 
Loss: 13.39
Layer 1 Probabilities: 0 0 0 0 0 0 0 0 0 
Layer 2 Probabilities: 0 0 0 0 0 0 0 0 0 
Layer 3 Probabilities: 0.000896526 0.000864758 0.000892874 0.0611232 0.0107671 0.000894753 0.922752 0.00091594 0.000892477 
Layer 1 Error: 1 1 1 1 1 1 1 1 1 
Layer 2 Error: 1 1 1 1 1 1 1 1 1 
Layer 3 Error: -0.000896526 -0.000864758 -0.000892874 -0.0611232 -0.0107671 -0.000894753 0.0772477 -0.00091594 -0.000892477 
Process: 58 | Time taken: 861 microseconds | Errors below threshold: 7/9
Layer 1 Outputs: 3.02979 2.94086 3.87336 2.62941 2.88639 3.80853 4.39161 3.16743 3.23498 
Layer 2 Outputs: -0.0528252 -0.0418411 -0.0172193 -0.048432 -0.182719 -0.154612 17.3192 -0.169686 -0.0865579 
Layer 3 Outputs: -0.0289413 -0.0671793 -0.0332245 4.44885 2.60743 -0.0310142 7.327 -0.00617472 -0.0337324 
Layer 1 Weights: 0.931262 -0.80099 -0.741768 -0.345959 -0.431351 -0.309199 0.176519 0.95151 0.558398 
0.213411 -0.725089 -0.573469 -0.731656 -0.278479 -0.188123 0.624337 0.592755 0.473019 
0.771057 -1.00082 -0.947749 -0.536806 -0.759018 -0.494904 0.246554 0.865365 0.911812 
0.812039 -1.06347 -0.886028 -0.537453 -0.187365 -0.341931 0.321496 0.234644 0.188901 
0.489596 -0.305158 -0.39669 -1.05102 -0.360718 -0.618046 0.31466 0.315665 0.94828 
0.133026 -0.936782 -0.746403 -0.459278 -0.960796 -0.473218 0.26422 0.657031 0.899258 
1.04119 -0.701721 -0.955189 -0.508557 -0.907391 -0.222395 1.02066 0.796289 0.800077 
0.268519 -0.28116 -0.302089 -0.737389 -0.951325 -0.507075 0.14033 0.737824 0.773984 
0.592301 -0.888205 -0.619458 -0.62948 -0.340912 -0.536661 0.12647 0.916748 0.911965 
Layer 2 Weights: 0.183244 -0.536841 -0.100623 -0.310741 -0.492513 0.202953 -0.239072 -0.0181436 -0.345787 
-0.249269 -0.414394 0.110681 -0.215217 0.138327 -0.382875 -0.0480272 -0.147782 -0.0421898 
0.362981 0.000246269 -0.414835 -0.468639 0.330109 -0.611787 0.214656 0.0143788 0.180138 
-0.054263 -0.308108 -0.420108 0.0548935 -0.141476 -0.0272568 0.0861836 -0.52005 -0.0930955 
-0.329031 -0.117669 -0.935273 -0.394049 -0.648063 -0.542956 -0.930375 -0.49553 -0.676215 
-0.361688 -0.295686 -0.526182 -0.135008 -0.127253 -0.961422 -0.802381 -0.50593 -0.473966 
0.73528 0.151778 0.395405 0.335675 0.436252 0.910855 0.623644 0.982643 0.36056 
-0.342156 -0.361321 -0.692383 -0.148022 -0.466841 -0.515358 -0.856311 -0.858348 -0.492722 
-0.432913 -0.331427 -0.560684 -0.221129 -0.34037 -0.0140734 0.195724 -0.477493 -0.551663 
Layer 3 Weights: 0.274237 0.0497989 -0.308097 0.144384 -0.433441 -0.402184 -0.180822 -0.445961 -0.332313 
0.364299 -0.300264 0.379268 -0.0455856 0.166487 0.22572 -0.386398 -0.259951 0.0417192 
-0.32095 -0.155754 -0.228202 -0.408528 -0.449971 0.210745 -0.1927 0.370711 0.334499 
-0.445431 0.236618 -0.401378 -0.386689 0.260726 -0.338586 0.253852 0.0483918 -0.0759449 
-0.0561589 0.342811 -0.0675956 0.105424 -0.356322 -0.138243 0.151148 0.335326 0.399686 
-0.306101 -0.158755 -0.00158235 -0.382499 -0.452163 -0.140607 -0.189228 0.0902477 -0.409564 
0.0891119 -0.137765 -0.448203 -0.354635 0.141906 -0.467077 0.416282 -0.252379 0.089394 
0.389528 -0.0528134 -0.239511 -0.349758 0.232969 -0.0132243 -0.0296239 0.393725 0.112916 
-0.31456 -0.164698 -0.349898 0.194986 0.0290034 -0.224705 -0.201322 -0.156626 -0.316358 
Loss: 13.3942
Layer 1 Probabilities: 0 0 0 0 0 0 0 0 0 
Layer 2 Probabilities: 0 0 0 0 0 0 0 0 0 
Layer 3 Probabilities: 0.000731937 0.000705237 0.000728881 0.0567192 0.00947933 0.000730455 0.929428 0.000748289 0.000728535 
Layer 1 Error: 1 1 1 1 1 1 1 1 1 
Layer 2 Error: 1 1 1 1 1 1 1 1 1 
Layer 3 Error: -0.000731937 -0.000705237 -0.000728881 -0.0567192 -0.00947933 -0.000730455 0.0705719 -0.000748289 -0.000728535 
Process: 59 | Time taken: 848 microseconds | Errors below threshold: 7/9
Layer 1 Outputs: 3.09046 3.00269 3.92947 2.69648 2.94943 3.86464 4.44772 3.22545 3.29202 
Layer 2 Outputs: -0.0542405 -0.0429077 -0.0175775 -0.0508206 -0.187654 -0.157975 17.8116 -0.173394 -0.0886491 
Layer 3 Outputs: -0.0297799 -0.0690911 -0.0341621 4.57511 2.68148 -0.0318984 7.53461 -0.00634433 -0.0347023 
Layer 1 Weights: 0.94188 -0.811607 -0.752385 -0.356576 -0.441969 -0.319817 0.187137 0.962127 0.569016 
0.224231 -0.735908 -0.584289 -0.742475 -0.289299 -0.198943 0.635156 0.603575 0.483838 
0.780875 -1.01064 -0.957568 -0.546625 -0.768836 -0.504723 0.256372 0.875183 0.921631 
0.823775 -1.07521 -0.897764 -0.54919 -0.199101 -0.353667 0.333233 0.24638 0.200638 
0.500628 -0.31619 -0.407723 -1.06205 -0.37175 -0.629078 0.325693 0.326697 0.959312 
0.142845 -0.946601 -0.756222 -0.469097 -0.970614 -0.483037 0.274039 0.666849 0.909077 
1.05101 -0.71154 -0.965007 -0.518376 -0.91721 -0.232213 1.03048 0.806108 0.809895 
0.278672 -0.291313 -0.312242 -0.747542 -0.961477 -0.517228 0.150483 0.747977 0.784137 
0.602283 -0.898187 -0.62944 -0.639462 -0.350894 -0.546643 0.136452 0.92673 0.921947 
Layer 2 Weights: 0.179973 -0.540087 -0.100766 -0.312817 -0.49564 0.202806 -0.239195 -0.0186452 -0.34611 
-0.250378 -0.417603 0.11053 -0.21719 0.13525 -0.38303 -0.0481626 -0.148112 -0.042444 
0.362664 -9.93037e-05 -0.41508 -0.470382 0.329728 -0.612036 0.214433 0.0140893 0.179855 
-0.0632504 -0.319429 -0.420932 0.0428632 -0.152978 -0.0281234 0.0855599 -0.523271 -0.095332 
-0.335987 -0.124942 -0.940578 -0.402735 -0.655596 -0.548325 -0.93526 -0.501941 -0.682411 
-0.365124 -0.299362 -0.52849 -0.139822 -0.131129 -0.963768 -0.804454 -0.508969 -0.476854 
0.74261 0.159517 0.400625 0.345195 0.444326 0.916155 0.628366 0.989266 0.366904 
-0.345613 -0.365018 -0.694707 -0.152861 -0.470739 -0.517721 -0.858398 -0.861407 -0.495629 
-0.436189 -0.334712 -0.560829 -0.223435 -0.34358 -0.014226 0.195609 -0.479302 -0.552389 
Layer 3 Weights: 0.274237 0.0497989 -0.308097 0.144384 -0.433441 -0.402184 -0.180822 -0.445961 -0.332313 
0.364299 -0.300264 0.379268 -0.0455856 0.166487 0.22572 -0.386398 -0.259951 0.0417192 
-0.32095 -0.155754 -0.228202 -0.408528 -0.449971 0.210745 -0.1927 0.370711 0.334499 
-0.445431 0.236618 -0.401378 -0.386689 0.260726 -0.338586 0.253852 0.0483918 -0.0759449 
-0.0561589 0.342811 -0.0675956 0.105424 -0.356322 -0.138243 0.151148 0.335326 0.399686 
-0.306101 -0.158755 -0.00158235 -0.382499 -0.452163 -0.140607 -0.189228 0.0902477 -0.409564 
0.0891119 -0.137765 -0.448203 -0.354635 0.141906 -0.467077 0.416282 -0.252379 0.089394 
0.389528 -0.0528134 -0.239511 -0.349758 0.232969 -0.0132243 -0.0296239 0.393725 0.112916 
-0.31456 -0.164698 -0.349898 0.194986 0.0290034 -0.224705 -0.201322 -0.156626 -0.316358 
Loss: 13.3977
Layer 1 Probabilities: 0 0 0 0 0 0 0 0 0 
Layer 2 Probabilities: 0 0 0 0 0 0 0 0 0 
Layer 3 Probabilities: 0.000597569 0.000575151 0.000595015 0.05261 0.00834349 0.000596332 0.935476 0.00061133 0.000594713 
Layer 1 Error: 1 1 1 1 1 1 1 1 1 
Layer 2 Error: 1 1 1 1 1 1 1 1 1 
Layer 3 Error: -0.000597569 -0.000575151 -0.000595015 -0.05261 -0.00834349 -0.000596332 0.0645236 -0.00061133 -0.000594713 
Process: 60 | Time taken: 1748 microseconds | Errors below threshold: 8/9
Layer 1 Outputs: 3.15103 3.06439 3.98554 2.76333 3.01232 3.92071 4.50379 3.2834 3.34901 
Layer 2 Outputs: -0.0556374 -0.0439601 -0.0179293 -0.0532291 -0.192541 -0.16129 18.3016 -0.177055 -0.0907184 
Layer 3 Outputs: -0.0306151 -0.0709938 -0.0350951 4.70079 2.75518 -0.0327787 7.74124 -0.00651281 -0.0356679 
Layer 1 Weights: 0.952478 -0.822206 -0.762984 -0.367175 -0.452567 -0.330415 0.197735 0.972726 0.579614 
0.235028 -0.746706 -0.595086 -0.753273 -0.300096 -0.20974 0.645954 0.614372 0.494636 
0.790688 -1.02045 -0.967381 -0.556438 -0.778649 -0.514536 0.266185 0.884996 0.931444 
0.835474 -1.08691 -0.909463 -0.560888 -0.2108 -0.365366 0.344931 0.258079 0.212336 
0.511635 -0.327197 -0.418729 -1.07306 -0.382756 -0.640084 0.336699 0.337703 0.970319 
0.152657 -0.956414 -0.766035 -0.478909 -0.980427 -0.49285 0.283852 0.676662 0.91889 
1.06082 -0.721353 -0.97482 -0.528189 -0.927022 -0.242026 1.04029 0.81592 0.819708 
0.288814 -0.301454 -0.322384 -0.757684 -0.971619 -0.52737 0.160624 0.758119 0.794279 
0.612257 -0.90816 -0.639413 -0.649435 -0.360867 -0.556616 0.146425 0.936703 0.93192 
Layer 2 Weights: 0.176969 -0.54307 -0.100895 -0.314731 -0.498515 0.202672 -0.239307 -0.0191046 -0.346405 
-0.251396 -0.420551 0.110392 -0.21901 0.132421 -0.38317 -0.0482858 -0.148414 -0.0426761 
0.362374 -0.000414459 -0.415303 -0.471988 0.329381 -0.612262 0.214231 0.0138258 0.179597 
-0.0719941 -0.330436 -0.421726 0.0311132 -0.164171 -0.0289582 0.0849617 -0.526403 -0.097503 
-0.342551 -0.131811 -0.945558 -0.410983 -0.662719 -0.553367 -0.939841 -0.50798 -0.688243 
-0.368278 -0.302738 -0.530602 -0.144258 -0.134691 -0.965916 -0.80635 -0.511757 -0.479501 
0.749623 0.166931 0.405588 0.354366 0.452068 0.921194 0.632847 0.995589 0.372955 
-0.348787 -0.368416 -0.696834 -0.157322 -0.474322 -0.519884 -0.860308 -0.864213 -0.498294 
-0.439196 -0.33773 -0.560962 -0.225561 -0.346531 -0.0143654 0.195504 -0.48096 -0.553054 
Layer 3 Weights: 0.274237 0.0497989 -0.308097 0.144384 -0.433441 -0.402184 -0.180822 -0.445961 -0.332313 
0.364299 -0.300264 0.379268 -0.0455856 0.166487 0.22572 -0.386398 -0.259951 0.0417192 
-0.32095 -0.155754 -0.228202 -0.408528 -0.449971 0.210745 -0.1927 0.370711 0.334499 
-0.445431 0.236618 -0.401378 -0.386689 0.260726 -0.338586 0.253852 0.0483918 -0.0759449 
-0.0561589 0.342811 -0.0675956 0.105424 -0.356322 -0.138243 0.151148 0.335326 0.399686 
-0.306101 -0.158755 -0.00158235 -0.382499 -0.452163 -0.140607 -0.189228 0.0902477 -0.409564 
0.0891119 -0.137765 -0.448203 -0.354635 0.141906 -0.467077 0.416282 -0.252379 0.089394 
0.389528 -0.0528134 -0.239511 -0.349758 0.232969 -0.0132243 -0.0296239 0.393725 0.112916 
-0.31456 -0.164698 -0.349898 0.194986 0.0290034 -0.224705 -0.201322 -0.156626 -0.316358 
Loss: 13.4006
Layer 1 Probabilities: 0 0 0 0 0 0 0 0 0 
Layer 2 Probabilities: 0 0 0 0 0 0 0 0 0 
Layer 3 Probabilities: 0.000487976 0.000469165 0.000485842 0.0487841 0.00734314 0.000486943 0.940958 0.000499547 0.00048558 
Layer 1 Error: 1 1 1 1 1 1 1 1 1 
Layer 2 Error: 1 1 1 1 1 1 1 1 1 
Layer 3 Error: -0.000487976 -0.000469165 -0.000485842 -0.0487841 -0.00734314 -0.000486943 0.0590423 -0.000499547 -0.00048558 
Process: 61 | Time taken: 1004 microseconds | Errors below threshold: 8/9
Layer 1 Outputs: 3.21148 3.12596 4.04158 2.82996 3.07507 3.97675 4.55983 3.34129 3.40595 
Layer 2 Outputs: -0.057016 -0.0449983 -0.0182749 -0.055654 -0.197376 -0.164559 18.7891 -0.180668 -0.092766 
Layer 3 Outputs: -0.0314464 -0.0728866 -0.0360232 4.82582 2.8285 -0.0336545 7.94679 -0.00668012 -0.0366288 
Layer 1 Weights: 0.963058 -0.832786 -0.773564 -0.377755 -0.463147 -0.340995 0.208315 0.983306 0.590194 
0.245804 -0.757481 -0.605862 -0.764048 -0.310872 -0.220515 0.656729 0.625148 0.505411 
0.800495 -1.03026 -0.977187 -0.566244 -0.788456 -0.524342 0.275992 0.894803 0.94125 
0.847135 -1.09857 -0.921124 -0.572549 -0.222461 -0.377027 0.356592 0.26974 0.223997 
0.522615 -0.338177 -0.429709 -1.08404 -0.393737 -0.651065 0.347679 0.348684 0.981299 
0.162464 -0.96622 -0.775842 -0.488716 -0.990234 -0.502656 0.293658 0.686469 0.928696 
1.07063 -0.73116 -0.984627 -0.537995 -0.936829 -0.251833 1.0501 0.825727 0.829515 
0.298944 -0.311585 -0.332514 -0.767814 -0.98175 -0.5375 0.170755 0.768249 0.804409 
0.622221 -0.918125 -0.649378 -0.6594 -0.370832 -0.566581 0.15639 0.946668 0.941885 
Layer 2 Weights: 0.174215 -0.545806 -0.101014 -0.316494 -0.501154 0.202551 -0.239409 -0.0195249 -0.346675 
-0.252328 -0.423255 0.110267 -0.220685 0.129825 -0.383298 -0.0483977 -0.14869 -0.042888 
0.362111 -0.000701709 -0.415506 -0.473465 0.329064 -0.612468 0.214047 0.013586 0.179363 
-0.0804881 -0.341126 -0.422489 0.0196535 -0.175048 -0.0297615 0.0843884 -0.529443 -0.0996073 
-0.348735 -0.13829 -0.950226 -0.418799 -0.669442 -0.558095 -0.944129 -0.51366 -0.693725 
-0.371171 -0.305836 -0.532533 -0.148341 -0.13796 -0.96788 -0.808083 -0.51431 -0.481925 
0.756326 0.174025 0.4103 0.363193 0.459484 0.92598 0.637095 1.00162 0.378722 
-0.351698 -0.371533 -0.69878 -0.161428 -0.477612 -0.521863 -0.862054 -0.866783 -0.500735 
-0.441954 -0.340498 -0.561083 -0.227518 -0.34924 -0.0144924 0.195408 -0.482479 -0.553663 
Layer 3 Weights: 0.274237 0.0497989 -0.308097 0.144384 -0.433441 -0.402184 -0.180822 -0.445961 -0.332313 
0.364299 -0.300264 0.379268 -0.0455856 0.166487 0.22572 -0.386398 -0.259951 0.0417192 
-0.32095 -0.155754 -0.228202 -0.408528 -0.449971 0.210745 -0.1927 0.370711 0.334499 
-0.445431 0.236618 -0.401378 -0.386689 0.260726 -0.338586 0.253852 0.0483918 -0.0759449 
-0.0561589 0.342811 -0.0675956 0.105424 -0.356322 -0.138243 0.151148 0.335326 0.399686 
-0.306101 -0.158755 -0.00158235 -0.382499 -0.452163 -0.140607 -0.189228 0.0902477 -0.409564 
0.0891119 -0.137765 -0.448203 -0.354635 0.141906 -0.467077 0.416282 -0.252379 0.089394 
0.389528 -0.0528134 -0.239511 -0.349758 0.232969 -0.0132243 -0.0296239 0.393725 0.112916 
-0.31456 -0.164698 -0.349898 0.194986 0.0290034 -0.224705 -0.201322 -0.156626 -0.316358 
Loss: 13.4031
Layer 1 Probabilities: 0 0 0 0 0 0 0 0 0 
Layer 2 Probabilities: 0 0 0 0 0 0 0 0 0 
Layer 3 Probabilities: 0.000398644 0.000382868 0.000396862 0.0452281 0.00646309 0.000397782 0.945928 0.000408369 0.000396635 
Layer 1 Error: 1 1 1 1 1 1 1 1 1 
Layer 2 Error: 1 1 1 1 1 1 1 1 1 
Layer 3 Error: -0.000398644 -0.000382868 -0.000396862 -0.0452281 -0.00646309 -0.000397782 0.0540724 -0.000408369 -0.000396635 
Process: 62 | Time taken: 847 microseconds | Errors below threshold: 9/9
Benchmark test has been successfully completed.