0.332786 0.181019 0.0101998 -0.475857 -0.424027 -0.0432391 0.135166 -0.203324 -0.260586 
Layer 3 Weights: -0.268639 0.279285 0.185632 0.301341 -0.201389 0.229268 -0.015608 0.434848 -0.121793 
0.234304 -0.0318926 0.328529 -0.0801493 0.367358 -0.0705443 -0.155973 -0.388354 0.281119 
-0.103532 -0.361701 0.126344 -0.452218 0.357587 0.109287 -0.290426 0.266325 -0.229521 
-0.219422 0.0227424 0.0353688 0.328063 0.34973 -0.175631 -0.190946 -0.0725412 0.270629 
0.175163 0.353186 0.132077 0.0896418 0.240121 0.112767 0.0250473 0.309864 0.397465 
0.08519 0.24061 0.154174 -0.133249 -0.223896 0.0409893 -0.155714 0.400138 -0.16774 
-0.395836 -0.178956 0.468519 -0.21652 0.014241 -0.15232 0.388114 0.242121 0.40073 
-0.0289969 0.0839669 0.417724 -0.0990998 0.334026 -0.42646 -0.0670361 0.204394 0.320275 
-0.23347 -0.128024 -0.460823 -0.0908967 0.3427 0.117446 -0.461491 0.307546 0.435166 
Loss: 10.6576
Layer 1 Probabilities: 0.0937997 0.0934517 0.0931539 0.0933771 0.098689 0.0934756 0.247634 0.0936596 0.09276 
Layer 2 Probabilities: 0.0937997 0.0934517 0.0931539 0.0933771 0.098689 0.0934756 0.247634 0.0936596 0.09276 
Layer 3 Probabilities: 0.0937997 0.0934517 0.0931539 0.0933771 0.098689 0.0934756 0.247634 0.0936596 0.09276 
Layer 1 Error: 1 1 1 1 1 1 1 1 1 
Layer 2 Error: 1 1 1 1 1 1 1 1 1 
Layer 3 Error: -0.0937997 -0.0934517 -0.0931539 -0.0933771 -0.098689 -0.0934756 0.752366 -0.0936596 -0.09276 
Process: 25 | Time taken: 858 microseconds | Errors below threshold: 0/9
Layer 1 Outputs: 0.982507 0.925538 1.30392 1.17939 1.0525 2.47638 1.99701 2.20897 1.34931 
Layer 2 Outputs: -0.0128985 -0.00738928 -0.0302049 -0.0133181 -0.0360727 -0.00630396 3.06717 -0.00646957 -0.013411 
Layer 3 Outputs: -0.000414519 -0.00494102 -0.00886805 -0.00593108 0.0600642 -0.00465882 1.18908 -0.00222134 -0.0140731 
Layer 1 Weights: -0.184117 0.0947939 -0.368324 -0.133273 0.096226 0.0119508 0.501418 0.518193 0.169334 
0.183505 0.0463363 -0.0839583 -0.696105 -0.0192582 -0.252672 0.481855 0.189973 -0.185071 
0.321147 -0.533853 -0.317179 -0.283454 -0.237198 -0.158538 -0.0558616 -0.0971195 0.450958 
0.613244 0.182513 -0.459039 -0.219121 -0.291332 -0.124359 0.477054 -0.152812 0.15155 
-0.132512 0.148566 -0.127378 -0.385228 -0.422048 -0.392415 0.16276 -0.083471 0.175995 
-0.00686724 -0.722962 -0.053484 -0.421931 -0.574866 -0.293263 0.538421 0.353574 0.326017 
0.449088 -0.361726 0.0539122 -0.706202 -0.63635 0.0330746 0.212735 0.458686 0.39219 
0.00610649 -0.574136 -0.413762 -0.133087 -0.252763 -0.360222 0.46399 0.535635 0.489318 
0.433856 -0.363643 -0.454898 0.185964 -0.693706 -0.355831 -0.173284 0.310438 -0.110538 
Layer 2 Weights: 0.444999 -0.300427 -0.341362 -0.314798 -0.152965 0.145951 -0.178952 0.081888 -0.33304 
-0.110544 0.422344 -0.116339 -0.576607 0.0781928 0.112223 -0.0103433 -0.122194 -0.0214838 
0.300677 -0.266601 0.0282897 -0.39077 -0.111388 -0.654432 -0.654101 0.185381 0.17841 
-0.470869 0.210556 0.18416 -0.46016 0.0461177 0.39734 -0.383332 -0.495539 0.0895746 
0.383611 0.404276 -0.0576734 -0.0851968 -0.577135 -0.400071 -0.3919 -0.642542 -0.107655 
-0.0594266 0.278174 -0.313289 0.0403727 0.267901 0.0314664 -0.056061 -0.179933 -0.0767436 
0.302406 0.330924 0.0298023 0.0545141 0.491092 0.202698 0.274053 -0.0669465 0.505545 
0.113453 -0.4667 0.249948 0.0693291 0.223618 -0.235402 -0.0835443 0.170347 -0.267807 
0.32191 0.170818 0.00741838 -0.479819 -0.434187 -0.0451902 0.133124 -0.205316 -0.263199 
Layer 3 Weights: -0.268639 0.279285 0.185632 0.301341 -0.201389 0.229268 -0.015608 0.434848 -0.121793 
0.234304 -0.0318926 0.328529 -0.0801493 0.367358 -0.0705443 -0.155973 -0.388354 0.281119 
-0.103532 -0.361701 0.126344 -0.452218 0.357587 0.109287 -0.290426 0.266325 -0.229521 
-0.219422 0.0227424 0.0353688 0.328063 0.34973 -0.175631 -0.190946 -0.0725412 0.270629 
0.175163 0.353186 0.132077 0.0896418 0.240121 0.112767 0.0250473 0.309864 0.397465 
0.08519 0.24061 0.154174 -0.133249 -0.223896 0.0409893 -0.155714 0.400138 -0.16774 
-0.395836 -0.178956 0.468519 -0.21652 0.014241 -0.15232 0.388114 0.242121 0.40073 
-0.0289969 0.0839669 0.417724 -0.0990998 0.334026 -0.42646 -0.0670361 0.204394 0.320275 
-0.23347 -0.128024 -0.460823 -0.0908967 0.3427 0.117446 -0.461491 0.307546 0.435166 
Loss: 10.959
Layer 1 Probabilities: 0.0912438 0.0908695 0.0905474 0.0907884 0.0964512 0.0908938 0.26799 0.0910937 0.090122 
Layer 2 Probabilities: 0.0912438 0.0908695 0.0905474 0.0907884 0.0964512 0.0908938 0.26799 0.0910937 0.090122 
Layer 3 Probabilities: 0.0912438 0.0908695 0.0905474 0.0907884 0.0964512 0.0908938 0.26799 0.0910937 0.090122 
Layer 1 Error: 1 1 1 1 1 1 1 1 1 
Layer 2 Error: 1 1 1 1 1 1 1 1 1 
Layer 3 Error: -0.0912438 -0.0908695 -0.0905474 -0.0907884 -0.0964512 -0.0908938 0.73201 -0.0910937 -0.090122 
Process: 26 | Time taken: 843 microseconds | Errors below threshold: 0/9
Layer 1 Outputs: 1.04487 0.989072 1.36293 1.23978 1.11423 2.53331 2.05394 2.2659 1.40762 
Layer 2 Outputs: -0.0139903 -0.00837648 -0.0327801 -0.0148352 -0.0385762 -0.00695635 3.37201 -0.00748685 -0.0144817 
Layer 3 Outputs: -0.000470848 -0.00543377 -0.009755 -0.00652665 0.0652681 -0.00513569 1.30651 -0.00244654 -0.01548 
Layer 1 Weights: -0.173204 0.0838809 -0.379237 -0.144186 0.0853129 0.00103781 0.512331 0.529106 0.180247 
0.194623 0.0352178 -0.0950767 -0.707223 -0.0303766 -0.263791 0.492974 0.201092 -0.173953 
0.331473 -0.544179 -0.327505 -0.29378 -0.247524 -0.168864 -0.0455359 -0.0867939 0.461284 
0.623811 0.171946 -0.469606 -0.229689 -0.301899 -0.134926 0.487621 -0.142245 0.162118 
-0.12171 0.137764 -0.138179 -0.396029 -0.43285 -0.403217 0.173562 -0.0726697 0.186796 
0.00309503 -0.732924 -0.0634462 -0.431893 -0.584828 -0.303225 0.548383 0.363536 0.335979 
0.45905 -0.371689 0.0439499 -0.716164 -0.646312 0.0231123 0.222697 0.468648 0.402152 
0.0160688 -0.584098 -0.423725 -0.143049 -0.262726 -0.370184 0.473952 0.545598 0.49928 
0.44406 -0.373847 -0.465102 0.17576 -0.703911 -0.366035 -0.163079 0.320642 -0.100334 
Layer 2 Weights: 0.441668 -0.30375 -0.34495 -0.31832 -0.156383 0.142423 -0.182546 0.0783262 -0.336641 
-0.115699 0.417236 -0.1218 -0.581999 0.0729276 0.106963 -0.0157232 -0.127515 -0.0269566 
0.288352 -0.278912 0.0159944 -0.403119 -0.123742 -0.665786 -0.665802 0.173849 0.166147 
-0.482918 0.198645 0.171882 -0.472445 0.0339359 0.395896 -0.385294 -0.497188 0.0773202 
0.371277 0.391936 -0.069741 -0.0974306 -0.589463 -0.410331 -0.402737 -0.653091 -0.119644 
-0.0635953 0.27404 -0.317709 0.035998 0.263629 0.0273062 -0.0603383 -0.184151 -0.0811664 
0.314745 0.343258 0.0419359 0.0667704 0.503428 0.214077 0.285639 -0.0554629 0.517627 
0.107695 -0.472407 0.2439 0.0633444 0.217755 -0.241195 -0.0894757 0.164483 -0.273864 
0.310699 0.160185 0.00467663 -0.483874 -0.444673 -0.0470025 0.131218 -0.20717 -0.26575 
Layer 3 Weights: -0.268639 0.279285 0.185632 0.301341 -0.201389 0.229268 -0.015608 0.434848 -0.121793 
0.234304 -0.0318926 0.328529 -0.0801493 0.367358 -0.0705443 -0.155973 -0.388354 0.281119 
-0.103532 -0.361701 0.126344 -0.452218 0.357587 0.109287 -0.290426 0.266325 -0.229521 
-0.219422 0.0227424 0.0353688 0.328063 0.34973 -0.175631 -0.190946 -0.0725412 0.270629 
0.175163 0.353186 0.132077 0.0896418 0.240121 0.112767 0.0250473 0.309864 0.397465 
0.08519 0.24061 0.154174 -0.133249 -0.223896 0.0409893 -0.155714 0.400138 -0.16774 
-0.395836 -0.178956 0.468519 -0.21652 0.014241 -0.15232 0.388114 0.242121 0.40073 
-0.0289969 0.0839669 0.417724 -0.0990998 0.334026 -0.42646 -0.0670361 0.204394 0.320275 
-0.23347 -0.128024 -0.460823 -0.0908967 0.3427 0.117446 -0.461491 0.307546 0.435166 
Loss: 11.2422
Layer 1 Probabilities: 0.0884196 0.0880202 0.0876753 0.0879331 0.0939321 0.0880451 0.290495 0.08826 0.0872201 
Layer 2 Probabilities: 0.0884196 0.0880202 0.0876753 0.0879331 0.0939321 0.0880451 0.290495 0.08826 0.0872201 
Layer 3 Probabilities: 0.0884196 0.0880202 0.0876753 0.0879331 0.0939321 0.0880451 0.290495 0.08826 0.0872201 
Layer 1 Error: 1 1 1 1 1 1 1 1 1 
Layer 2 Error: 1 1 1 1 1 1 1 1 1 
Layer 3 Error: -0.0884196 -0.0880202 -0.0876753 -0.0879331 -0.0939321 -0.0880451 0.709505 -0.08826 -0.0872201 
Process: 27 | Time taken: 748 microseconds | Errors below threshold: 0/9
Layer 1 Outputs: 1.10732 1.05279 1.42193 1.30018 1.17601 2.59022 2.11085 2.32281 1.46591 
Layer 2 Outputs: -0.0150771 -0.0093513 -0.0354924 -0.016457 -0.0412111 -0.00759992 3.69082 -0.00849076 -0.0156103 
Layer 3 Outputs: -0.000529493 -0.00594937 -0.0106826 -0.00714993 0.0707502 -0.0056339 1.42929 -0.00268221 -0.0169513 
Layer 1 Weights: -0.162274 0.0729515 -0.390166 -0.155115 0.0743835 -0.00989159 0.523261 0.540036 0.191177 
0.205773 0.0240679 -0.106227 -0.718373 -0.0415265 -0.274941 0.504124 0.212242 -0.162803 
0.341798 -0.554504 -0.33783 -0.304105 -0.257849 -0.179189 -0.0352109 -0.0764688 0.471609 
0.634382 0.161375 -0.480177 -0.240259 -0.31247 -0.145497 0.498192 -0.131674 0.172688 
-0.110898 0.126952 -0.148991 -0.406842 -0.443662 -0.414029 0.184374 -0.0618574 0.197609 
0.0130545 -0.742884 -0.0734057 -0.441853 -0.594788 -0.313185 0.558342 0.373496 0.345939 
0.469009 -0.381648 0.0339905 -0.726124 -0.656272 0.0131528 0.232656 0.478608 0.412112 
0.0260282 -0.594058 -0.433684 -0.153009 -0.272685 -0.380144 0.483912 0.555557 0.509239 
0.454263 -0.384049 -0.475304 0.165558 -0.714113 -0.376238 -0.152877 0.330844 -0.0901318 
Layer 2 Weights: 0.438543 -0.306885 -0.348257 -0.321577 -0.159566 0.139193 -0.185839 0.0750645 -0.339957 
-0.120448 0.412525 -0.126806 -0.586948 0.0680854 0.102156 -0.0206436 -0.13238 -0.0319724 
0.275878 -0.291389 0.00362578 -0.415566 -0.136224 -0.677132 -0.677514 0.162314 0.153818 
-0.495152 0.186517 0.159528 -0.484836 0.0216034 0.394453 -0.387279 -0.498846 0.0649984 
0.358798 0.379437 -0.0818818 -0.10976 -0.601916 -0.420581 -0.413586 -0.663641 -0.131699 
-0.0674578 0.270198 -0.321767 0.0319726 0.259684 0.0235025 -0.0642515 -0.188009 -0.0852253 
0.327229 0.355753 0.0541567 0.079131 0.515893 0.225473 0.297262 -0.043952 0.529791 
0.102406 -0.477654 0.238363 0.0578598 0.212374 -0.246487 -0.094897 0.159125 -0.279409 
0.299202 0.149184 0.00196706 -0.488023 -0.455443 -0.0486884 0.129434 -0.208899 -0.268249 
Layer 3 Weights: -0.268639 0.279285 0.185632 0.301341 -0.201389 0.229268 -0.015608 0.434848 -0.121793 
0.234304 -0.0318926 0.328529 -0.0801493 0.367358 -0.0705443 -0.155973 -0.388354 0.281119 
-0.103532 -0.361701 0.126344 -0.452218 0.357587 0.109287 -0.290426 0.266325 -0.229521 
-0.219422 0.0227424 0.0353688 0.328063 0.34973 -0.175631 -0.190946 -0.0725412 0.270629 
0.175163 0.353186 0.132077 0.0896418 0.240121 0.112767 0.0250473 0.309864 0.397465 
0.08519 0.24061 0.154174 -0.133249 -0.223896 0.0409893 -0.155714 0.400138 -0.16774 
-0.395836 -0.178956 0.468519 -0.21652 0.014241 -0.15232 0.388114 0.242121 0.40073 
-0.0289969 0.0839669 0.417724 -0.0990998 0.334026 -0.42646 -0.0670361 0.204394 0.320275 
-0.23347 -0.128024 -0.460823 -0.0908967 0.3427 0.117446 -0.461491 0.307546 0.435166 
Loss: 11.506
Layer 1 Probabilities: 0.0853156 0.0848932 0.0845271 0.0848005 0.0911126 0.0849185 0.315241 0.0851472 0.0840446 
Layer 2 Probabilities: 0.0853156 0.0848932 0.0845271 0.0848005 0.0911126 0.0849185 0.315241 0.0851472 0.0840446 
Layer 3 Probabilities: 0.0853156 0.0848932 0.0845271 0.0848005 0.0911126 0.0849185 0.315241 0.0851472 0.0840446 
Layer 1 Error: 1 1 1 1 1 1 1 1 1 
Layer 2 Error: 1 1 1 1 1 1 1 1 1 
Layer 3 Error: -0.0853156 -0.0848932 -0.0845271 -0.0848005 -0.0911126 -0.0849185 0.684759 -0.0851472 -0.0840446 
Process: 28 | Time taken: 856 microseconds | Errors below threshold: 0/9
Layer 1 Outputs: 1.16984 1.11663 1.48092 1.36059 1.23783 2.64711 2.16775 2.3797 1.5242 
Layer 2 Outputs: -0.0161589 -0.0103132 -0.0383402 -0.0181831 -0.0439769 -0.00823443 4.0234 -0.00948044 -0.0167975 
Layer 3 Outputs: -0.000590412 -0.00648751 -0.0116501 -0.00780055 0.0765061 -0.00615314 1.55735 -0.0029282 -0.0184861 
Layer 1 Weights: -0.151334 0.062011 -0.401107 -0.166056 0.0634431 -0.0208321 0.534201 0.550976 0.202117 
0.216946 0.0128946 -0.1174 -0.729546 -0.0526998 -0.286114 0.515297 0.223415 -0.151629 
0.352121 -0.564827 -0.348153 -0.314428 -0.268172 -0.189512 -0.0248876 -0.0661456 0.481932 
0.644954 0.150803 -0.490748 -0.250831 -0.323042 -0.156069 0.508764 -0.121102 0.18326 
-0.100079 0.116133 -0.159811 -0.417661 -0.454481 -0.424848 0.195193 -0.0510382 0.208428 
0.0230111 -0.75284 -0.0833623 -0.451809 -0.604744 -0.323141 0.568299 0.383452 0.355895 
0.478966 -0.391605 0.0240339 -0.73608 -0.666228 0.00319622 0.242613 0.488564 0.422068 
0.0359848 -0.604014 -0.443641 -0.162966 -0.282642 -0.3901 0.493868 0.565514 0.519196 
0.464462 -0.394249 -0.485504 0.155358 -0.724313 -0.386438 -0.142677 0.341044 -0.079932 
Layer 2 Weights: 0.435605 -0.309853 -0.351308 -0.324594 -0.162537 0.136235 -0.188858 0.072076 -0.343012 
-0.124828 0.408172 -0.131399 -0.591495 0.0636273 0.0977596 -0.0251455 -0.136831 -0.0365723 
0.263274 -0.304009 -0.00879886 -0.428093 -0.148816 -0.688456 -0.68922 0.150794 0.141442 
-0.507544 0.174202 0.147115 -0.497314 0.00914374 0.393013 -0.389285 -0.500511 0.0526265 
0.346192 0.366796 -0.0940825 -0.122172 -0.614478 -0.430811 -0.424436 -0.674183 -0.143807 
-0.0710432 0.266621 -0.325496 0.0282647 0.256036 0.0200237 -0.0678332 -0.191539 -0.088953 
0.339839 0.368387 0.0664459 0.0915772 0.528465 0.236869 0.308902 -0.032433 0.542017 
0.0975428 -0.482484 0.23329 0.0528301 0.207432 -0.251323 -0.0998536 0.154227 -0.284488 
0.287465 0.137871 -0.00071567 -0.492263 -0.466454 -0.0502589 0.127762 -0.210515 -0.270702 
Layer 3 Weights: -0.268639 0.279285 0.185632 0.301341 -0.201389 0.229268 -0.015608 0.434848 -0.121793 
0.234304 -0.0318926 0.328529 -0.0801493 0.367358 -0.0705443 -0.155973 -0.388354 0.281119 
-0.103532 -0.361701 0.126344 -0.452218 0.357587 0.109287 -0.290426 0.266325 -0.229521 
-0.219422 0.0227424 0.0353688 0.328063 0.34973 -0.175631 -0.190946 -0.0725412 0.270629 
0.175163 0.353186 0.132077 0.0896418 0.240121 0.112767 0.0250473 0.309864 0.397465 
0.08519 0.24061 0.154174 -0.133249 -0.223896 0.0409893 -0.155714 0.400138 -0.16774 
-0.395836 -0.178956 0.468519 -0.21652 0.014241 -0.15232 0.388114 0.242121 0.40073 
-0.0289969 0.0839669 0.417724 -0.0990998 0.334026 -0.42646 -0.0670361 0.204394 0.320275 
-0.23347 -0.128024 -0.460823 -0.0908967 0.3427 0.117446 -0.461491 0.307546 0.435166 
Loss: 11.7493
Layer 1 Probabilities: 0.0819255 0.0814827 0.0810979 0.0813849 0.0879783 0.0815084 0.342282 0.0817494 0.0805912 
Layer 2 Probabilities: 0.0819255 0.0814827 0.0810979 0.0813849 0.0879783 0.0815084 0.342282 0.0817494 0.0805912 
Layer 3 Probabilities: 0.0819255 0.0814827 0.0810979 0.0813849 0.0879783 0.0815084 0.342282 0.0817494 0.0805912 
Layer 1 Error: 1 1 1 1 1 1 1 1 1 
Layer 2 Error: 1 1 1 1 1 1 1 1 1 
Layer 3 Error: -0.0819255 -0.0814827 -0.0810979 -0.0813849 -0.0879783 -0.0815084 0.657718 -0.0817494 -0.0805912 
Process: 29 | Time taken: 911 microseconds | Errors below threshold: 0/9
Layer 1 Outputs: 1.23239 1.18057 1.53989 1.421 1.29968 2.70399 2.22462 2.43658 1.58247 
Layer 2 Outputs: -0.0172354 -0.0112619 -0.0413211 -0.0200127 -0.0468724 -0.00885973 4.36948 -0.0104553 -0.0180435 
Layer 3 Outputs: -0.000653557 -0.00704777 -0.012657 -0.00847798 0.0825301 -0.00669298 1.69059 -0.00318431 -0.0200832 
Layer 1 Weights: -0.140387 0.0510641 -0.412054 -0.177003 0.0524961 -0.031779 0.545148 0.561923 0.213064 
0.228136 0.00170499 -0.12859 -0.740736 -0.0638894 -0.297304 0.526487 0.234605 -0.14044 
0.362441 -0.575147 -0.358473 -0.324748 -0.278493 -0.199833 -0.0145674 -0.0558253 0.492253 
0.655524 0.140232 -0.501319 -0.261402 -0.333613 -0.16664 0.519334 -0.110531 0.193831 
-0.0892565 0.105311 -0.170633 -0.428483 -0.465303 -0.43567 0.206016 -0.0402159 0.21925 
0.0329647 -0.762794 -0.0933159 -0.461763 -0.614698 -0.333095 0.578253 0.393406 0.365849 
0.48892 -0.401558 0.0140802 -0.746034 -0.676182 -0.00675739 0.252567 0.498518 0.432022 
0.0459385 -0.613968 -0.453594 -0.172919 -0.292595 -0.400054 0.503822 0.575467 0.52915 
0.474659 -0.404446 -0.495701 0.145161 -0.734509 -0.396634 -0.132481 0.35124 -0.0697355 
Layer 2 Weights: 0.432833 -0.312671 -0.354126 -0.327394 -0.165316 0.133526 -0.191626 0.0693367 -0.345831 
-0.128873 0.404145 -0.135616 -0.595676 0.0595182 0.0937383 -0.029266 -0.140903 -0.0407935 
0.250563 -0.316751 -0.0212602 -0.440679 -0.161496 -0.699738 -0.700903 0.139305 0.129036 
-0.520067 0.16173 0.134663 -0.509857 -0.00341887 0.391576 -0.391307 -0.50218 0.0402237 
0.333476 0.354033 -0.106328 -0.134648 -0.627132 -0.441012 -0.435275 -0.684704 -0.155952 
-0.0743778 0.263281 -0.328926 0.0248454 0.252657 0.016841 -0.0711126 -0.19477 -0.0923793 
0.352554 0.381141 0.0787829 0.104089 0.541126 0.248242 0.320538 -0.0209268 0.554285 
0.093066 -0.486936 0.228639 0.0482143 0.202889 -0.255745 -0.104387 0.149748 -0.289142 
0.275529 0.126297 -0.00337488 -0.496589 -0.477667 -0.0517239 0.126192 -0.212026 -0.273112 
Layer 3 Weights: -0.268639 0.279285 0.185632 0.301341 -0.201389 0.229268 -0.015608 0.434848 -0.121793 
0.234304 -0.0318926 0.328529 -0.0801493 0.367358 -0.0705443 -0.155973 -0.388354 0.281119 
-0.103532 -0.361701 0.126344 -0.452218 0.357587 0.109287 -0.290426 0.266325 -0.229521 
-0.219422 0.0227424 0.0353688 0.328063 0.34973 -0.175631 -0.190946 -0.0725412 0.270629 
0.175163 0.353186 0.132077 0.0896418 0.240121 0.112767 0.0250473 0.309864 0.397465 
0.08519 0.24061 0.154174 -0.133249 -0.223896 0.0409893 -0.155714 0.400138 -0.16774 
-0.395836 -0.178956 0.468519 -0.21652 0.014241 -0.15232 0.388114 0.242121 0.40073 
-0.0289969 0.0839669 0.417724 -0.0990998 0.334026 -0.42646 -0.0670361 0.204394 0.320275 
-0.23347 -0.128024 -0.460823 -0.0908967 0.3427 0.117446 -0.461491 0.307546 0.435166 
Loss: 11.9715
Layer 1 Probabilities: 0.0782502 0.0777901 0.0773896 0.0776881 0.0845217 0.0778162 0.371614 0.0780675 0.0768624 
Layer 2 Probabilities: 0.0782502 0.0777901 0.0773896 0.0776881 0.0845217 0.0778162 0.371614 0.0780675 0.0768624 
Layer 3 Probabilities: 0.0782502 0.0777901 0.0773896 0.0776881 0.0845217 0.0778162 0.371614 0.0780675 0.0768624 
Layer 1 Error: 1 1 1 1 1 1 1 1 1 
Layer 2 Error: 1 1 1 1 1 1 1 1 1 
Layer 3 Error: -0.0782502 -0.0777901 -0.0773896 -0.0776881 -0.0845217 -0.0778162 0.628386 -0.0780675 -0.0768624 
Process: 30 | Time taken: 848 microseconds | Errors below threshold: 0/9
Layer 1 Outputs: 1.29496 1.24457 1.59884 1.48139 1.36152 2.76085 2.28149 2.49344 1.64071 
Layer 2 Outputs: -0.0183064 -0.0121971 -0.0444319 -0.0219443 -0.0498955 -0.00947577 4.72872 -0.0114149 -0.019348 
Layer 3 Outputs: -0.000718866 -0.00762958 -0.0137021 -0.00918157 0.088815 -0.00725289 1.82886 -0.0034503 -0.021741 
Layer 1 Weights: -0.129437 0.0401145 -0.423003 -0.187952 0.0415465 -0.0427286 0.556098 0.572873 0.224014 
0.239336 -0.00949488 -0.139789 -0.751936 -0.0750893 -0.308503 0.537686 0.245804 -0.12924 
0.372758 -0.585463 -0.36879 -0.335065 -0.288809 -0.210149 -0.004251 -0.045509 0.502569 
0.666092 0.129664 -0.511887 -0.27197 -0.344181 -0.177208 0.529902 -0.0999632 0.204399 
-0.0784341 0.0944881 -0.181455 -0.439306 -0.476126 -0.446493 0.216838 -0.0293934 0.230073 
0.0429153 -0.772745 -0.103266 -0.471713 -0.624649 -0.343045 0.588203 0.403356 0.375799 
0.49887 -0.411509 0.00412972 -0.755984 -0.686133 -0.0167079 0.262517 0.508469 0.441972 
0.055889 -0.623919 -0.463545 -0.18287 -0.302546 -0.410005 0.513773 0.585418 0.5391 
0.484852 -0.414638 -0.505893 0.134969 -0.744702 -0.406827 -0.122288 0.361433 -0.0595429 
Layer 2 Weights: 0.430213 -0.315355 -0.356731 -0.329995 -0.167921 0.131042 -0.194167 0.0668247 -0.348435 
-0.132613 0.400414 -0.13949 -0.599524 0.0557268 0.090059 -0.0330388 -0.144629 -0.0446696 
0.237769 -0.329591 -0.0337366 -0.453303 -0.174241 -0.710958 -0.712541 0.12787 0.116622 
-0.532692 0.149133 0.122194 -0.522444 -0.0160588 0.390146 -0.393343 -0.503851 0.0278115 
0.320672 0.341167 -0.118599 -0.147171 -0.639856 -0.451167 -0.446087 -0.69519 -0.168118 
-0.0774846 0.260158 -0.332084 0.0216891 0.249522 0.0139283 -0.0741163 -0.197727 -0.0955307 
0.36535 0.39399 0.0911452 0.116643 0.553852 0.25957 0.332148 -0.009456 0.566573 
0.088941 -0.491044 0.224374 0.0439755 0.19871 -0.259787 -0.108534 0.145652 -0.293409 
0.263434 0.114509 -0.00601189 -0.500993 -0.489042 -0.053092 0.124716 -0.213441 -0.275484 
Layer 3 Weights: -0.268639 0.279285 0.185632 0.301341 -0.201389 0.229268 -0.015608 0.434848 -0.121793 
0.234304 -0.0318926 0.328529 -0.0801493 0.367358 -0.0705443 -0.155973 -0.388354 0.281119 
-0.103532 -0.361701 0.126344 -0.452218 0.357587 0.109287 -0.290426 0.266325 -0.229521 
-0.219422 0.0227424 0.0353688 0.328063 0.34973 -0.175631 -0.190946 -0.0725412 0.270629 
0.175163 0.353186 0.132077 0.0896418 0.240121 0.112767 0.0250473 0.309864 0.397465 
0.08519 0.24061 0.154174 -0.133249 -0.223896 0.0409893 -0.155714 0.400138 -0.16774 
-0.395836 -0.178956 0.468519 -0.21652 0.014241 -0.15232 0.388114 0.242121 0.40073 
-0.0289969 0.0839669 0.417724 -0.0990998 0.334026 -0.42646 -0.0670361 0.204394 0.320275 
-0.23347 -0.128024 -0.460823 -0.0908967 0.3427 0.117446 -0.461491 0.307546 0.435166 
Loss: 12.1719
Layer 1 Probabilities: 0.0742994 0.0738258 0.0734129 0.0737203 0.0807442 0.073852 0.403164 0.0741116 0.0728697 
Layer 2 Probabilities: 0.0742994 0.0738258 0.0734129 0.0737203 0.0807442 0.073852 0.403164 0.0741116 0.0728697 
Layer 3 Probabilities: 0.0742994 0.0738258 0.0734129 0.0737203 0.0807442 0.073852 0.403164 0.0741116 0.0728697 
Layer 1 Error: 1 1 1 1 1 1 1 1 1 
Layer 2 Error: 1 1 1 1 1 1 1 1 1 
Layer 3 Error: -0.0742994 -0.0738258 -0.0734129 -0.0737203 -0.0807442 -0.073852 0.596836 -0.0741116 -0.0728697 
Process: 31 | Time taken: 861 microseconds | Errors below threshold: 0/9
Layer 1 Outputs: 1.35753 1.3086 1.65776 1.54175 1.42335 2.81769 2.33833 2.55028 1.69893 
Layer 2 Outputs: -0.019372 -0.0131189 -0.0476686 -0.0239759 -0.0530433 -0.0100825 5.1007 -0.0123589 -0.0207103 
Layer 3 Outputs: -0.000786265 -0.00823228 -0.0147842 -0.00991047 0.095352 -0.00783221 1.97202 -0.00372585 -0.0234576 
Layer 1 Weights: -0.118488 0.0291656 -0.433952 -0.198901 0.0305976 -0.0536775 0.567047 0.583822 0.234963 
0.250541 -0.0206999 -0.150994 -0.763141 -0.0862943 -0.319709 0.548891 0.257009 -0.118035 
0.383069 -0.595775 -0.379101 -0.345376 -0.299121 -0.220461 0.00606063 -0.0351973 0.512881 
0.676656 0.119101 -0.522451 -0.282533 -0.354744 -0.187771 0.540466 -0.0893997 0.214962 
-0.0676141 0.0836681 -0.192275 -0.450126 -0.486946 -0.457313 0.227658 -0.0185734 0.240893 
0.0528626 -0.782692 -0.113214 -0.481661 -0.634596 -0.352993 0.59815 0.413304 0.385747 
0.508817 -0.421456 -0.00581762 -0.765932 -0.69608 -0.0266553 0.272465 0.518416 0.45192 
0.0658363 -0.633866 -0.473492 -0.192817 -0.312493 -0.419952 0.52372 0.595365 0.549047 
0.49504 -0.424827 -0.516082 0.124781 -0.75489 -0.417015 -0.1121 0.371621 -0.0493547 
Layer 2 Weights: 0.42773 -0.317916 -0.359143 -0.332415 -0.170367 0.128765 -0.1965 0.0645202 -0.350842 
-0.136076 0.396951 -0.143052 -0.603067 0.0522248 0.0866918 -0.0364942 -0.148041 -0.0482308 
0.224919 -0.342502 -0.0462039 -0.465939 -0.187025 -0.722094 -0.724112 0.116511 0.104224 
-0.54539 0.136441 0.109732 -0.535047 -0.0287484 0.388723 -0.395385 -0.505519 0.015414 
0.307803 0.328223 -0.130877 -0.159719 -0.65263 -0.461261 -0.456855 -0.705623 -0.180283 
-0.0803838 0.257232 -0.334992 0.0187726 0.24661 0.0112622 -0.0768686 -0.200436 -0.0984314 
0.378202 0.40691 0.103508 0.129215 0.566619 0.270828 0.343708 0.00195508 0.578856 
0.0851364 -0.494838 0.22046 0.0400804 0.194861 -0.263484 -0.112329 0.141905 -0.297324 
0.251219 0.102555 -0.00862615 -0.505462 -0.500539 -0.0543707 0.123327 -0.214769 -0.277818 
Layer 3 Weights: -0.268639 0.279285 0.185632 0.301341 -0.201389 0.229268 -0.015608 0.434848 -0.121793 
0.234304 -0.0318926 0.328529 -0.0801493 0.367358 -0.0705443 -0.155973 -0.388354 0.281119 
-0.103532 -0.361701 0.126344 -0.452218 0.357587 0.109287 -0.290426 0.266325 -0.229521 
-0.219422 0.0227424 0.0353688 0.328063 0.34973 -0.175631 -0.190946 -0.0725412 0.270629 
0.175163 0.353186 0.132077 0.0896418 0.240121 0.112767 0.0250473 0.309864 0.397465 
0.08519 0.24061 0.154174 -0.133249 -0.223896 0.0409893 -0.155714 0.400138 -0.16774 
-0.395836 -0.178956 0.468519 -0.21652 0.014241 -0.15232 0.388114 0.242121 0.40073 
-0.0289969 0.0839669 0.417724 -0.0990998 0.334026 -0.42646 -0.0670361 0.204394 0.320275 
-0.23347 -0.128024 -0.460823 -0.0908967 0.3427 0.117446 -0.461491 0.307546 0.435166 
Loss: 12.3503
Layer 1 Probabilities: 0.0700934 0.0696106 0.0691892 0.0695027 0.0766586 0.0696369 0.436771 0.0699022 0.0686352 
Layer 2 Probabilities: 0.0700934 0.0696106 0.0691892 0.0695027 0.0766586 0.0696369 0.436771 0.0699022 0.0686352 
Layer 3 Probabilities: 0.0700934 0.0696106 0.0691892 0.0695027 0.0766586 0.0696369 0.436771 0.0699022 0.0686352 
Layer 1 Error: 1 1 1 1 1 1 1 1 1 
Layer 2 Error: 1 1 1 1 1 1 1 1 1 
Layer 3 Error: -0.0700934 -0.0696106 -0.0691892 -0.0695027 -0.0766586 -0.0696369 0.563229 -0.0699022 -0.0686352 
Process: 32 | Time taken: 881 microseconds | Errors below threshold: 0/9
Layer 1 Outputs: 1.42007 1.37264 1.71666 1.60208 1.48515 2.87452 2.39515 2.60711 1.75712 
Layer 2 Outputs: -0.020432 -0.014027 -0.0510262 -0.0261045 -0.0563119 -0.0106801 5.4849 -0.0132873 -0.0221293 
Layer 3 Outputs: -0.000855661 -0.008855 -0.0159017 -0.0106637 0.10213 -0.00843015 2.11985 -0.00401058 -0.0252305 
Layer 1 Weights: -0.107543 0.0182203 -0.444898 -0.209847 0.0196523 -0.0646228 0.577992 0.594767 0.245908 
0.261747 -0.0319057 -0.1622 -0.774346 -0.0975001 -0.330914 0.560097 0.268215 -0.106829 
0.393376 -0.606081 -0.389407 -0.355683 -0.309427 -0.230767 0.0163668 -0.0248911 0.523187 
0.687214 0.108543 -0.533008 -0.293091 -0.365302 -0.198329 0.551023 -0.078842 0.22552 
-0.0567989 0.0728529 -0.203091 -0.460941 -0.497761 -0.468128 0.238473 -0.00775822 0.251708 
0.0628067 -0.792636 -0.123158 -0.491605 -0.64454 -0.362937 0.608095 0.423248 0.395691 
0.518761 -0.4314 -0.0157617 -0.775876 -0.706024 -0.0365993 0.282409 0.52836 0.461864 
0.0757804 -0.64381 -0.483436 -0.202761 -0.322437 -0.429896 0.533664 0.605309 0.558992 
0.505223 -0.43501 -0.526265 0.114597 -0.765073 -0.427198 -0.101917 0.381805 -0.0391713 
Layer 2 Weights: 0.425373 -0.320366 -0.361378 -0.334669 -0.172668 0.126677 -0.198642 0.0624054 -0.353069 
-0.139286 0.393735 -0.146327 -0.606333 0.0489873 0.0836096 -0.0396597 -0.151166 -0.0515044 
0.212043 -0.355453 -0.0586353 -0.47856 -0.19982 -0.733121 -0.73559 0.105252 0.0918701 
-0.558129 0.123687 0.0973035 -0.547639 -0.0414578 0.387313 -0.397427 -0.507181 0.00305774 
0.294894 0.315226 -0.143137 -0.172268 -0.665428 -0.471272 -0.467557 -0.715982 -0.192423 
-0.0830935 0.254485 -0.337674 0.0160753 0.243902 0.00882119 -0.079391 -0.202917 -0.101103 
0.391082 0.419871 0.115845 0.141777 0.579398 0.281992 0.35519 0.0132799 0.591105 
0.0816243 -0.498347 0.216866 0.0364992 0.191315 -0.266866 -0.115803 0.138477 -0.300915 
0.238924 0.0904782 -0.0112154 -0.509982 -0.512119 -0.055567 0.122018 -0.216015 -0.280114 
Layer 3 Weights: -0.268639 0.279285 0.185632 0.301341 -0.201389 0.229268 -0.015608 0.434848 -0.121793 
0.234304 -0.0318926 0.328529 -0.0801493 0.367358 -0.0705443 -0.155973 -0.388354 0.281119 
-0.103532 -0.361701 0.126344 -0.452218 0.357587 0.109287 -0.290426 0.266325 -0.229521 
-0.219422 0.0227424 0.0353688 0.328063 0.34973 -0.175631 -0.190946 -0.0725412 0.270629 
0.175163 0.353186 0.132077 0.0896418 0.240121 0.112767 0.0250473 0.309864 0.397465 
0.08519 0.24061 0.154174 -0.133249 -0.223896 0.0409893 -0.155714 0.400138 -0.16774 
-0.395836 -0.178956 0.468519 -0.21652 0.014241 -0.15232 0.388114 0.242121 0.40073 
-0.0289969 0.0839669 0.417724 -0.0990998 0.334026 -0.42646 -0.0670361 0.204394 0.320275 
-0.23347 -0.128024 -0.460823 -0.0908967 0.3427 0.117446 -0.461491 0.307546 0.435166 
Loss: 12.5071
Layer 1 Probabilities: 0.0656645 0.0651774 0.0647517 0.0650681 0.0722908 0.0652034 0.47218 0.0654717 0.0641925 
Layer 2 Probabilities: 0.0656645 0.0651774 0.0647517 0.0650681 0.0722908 0.0652034 0.47218 0.0654717 0.0641925 
Layer 3 Probabilities: 0.0656645 0.0651774 0.0647517 0.0650681 0.0722908 0.0652034 0.47218 0.0654717 0.0641925 
Layer 1 Error: 1 1 1 1 1 1 1 1 1 
Layer 2 Error: 1 1 1 1 1 1 1 1 1 
Layer 3 Error: -0.0656645 -0.0651774 -0.0647517 -0.0650681 -0.0722908 -0.0652034 0.52782 -0.0654717 -0.0641925 
Process: 33 | Time taken: 911 microseconds | Errors below threshold: 0/9
Layer 1 Outputs: 1.48258 1.43665 1.77552 1.66237 1.54691 2.93132 2.45195 2.66391 1.81528 
Layer 2 Outputs: -0.0214865 -0.0149217 -0.0544985 -0.0283267 -0.0596963 -0.0112684 5.88068 -0.0141999 -0.0236033 
Layer 3 Outputs: -0.00092695 -0.00949675 -0.017053 -0.01144 0.109138 -0.00904573 2.27212 -0.00430403 -0.0270569 
Layer 1 Weights: -0.0966038 0.00728104 -0.455837 -0.220786 0.00871305 -0.0755621 0.588931 0.605706 0.256847 
0.272949 -0.0431084 -0.173403 -0.785549 -0.108703 -0.342117 0.5713 0.279418 -0.0956262 
0.403676 -0.616381 -0.399708 -0.365983 -0.319727 -0.241067 0.026667 -0.014591 0.533487 
0.697764 0.0979922 -0.543559 -0.303642 -0.375853 -0.20888 0.561574 -0.0682912 0.236071 
-0.0459904 0.0620445 -0.213899 -0.471749 -0.50857 -0.478937 0.249282 0.00305025 0.262516 
0.0727473 -0.802577 -0.133099 -0.501546 -0.654481 -0.372877 0.618035 0.433188 0.405631 
0.528702 -0.441341 -0.0257024 -0.785816 -0.715965 -0.04654 0.292349 0.538301 0.471804 
0.0857211 -0.653751 -0.493377 -0.212702 -0.332378 -0.439837 0.543605 0.61525 0.568932 
0.515401 -0.445188 -0.536443 0.104419 -0.775251 -0.437376 -0.0917387 0.391983 -0.0289933 
Layer 2 Weights: 0.423133 -0.322712 -0.36345 -0.336771 -0.174835 0.124762 -0.20061 0.0604641 -0.355131 
-0.142263 0.390742 -0.149341 -0.609345 0.0459916 0.0807878 -0.0425603 -0.154028 -0.054515 
0.199171 -0.368415 -0.0710009 -0.491136 -0.212594 -0.744012 -0.746948 0.0941212 0.0795882 
-0.570875 0.110907 0.0849388 -0.56019 -0.0541546 0.385919 -0.399463 -0.50883 -0.00922768 
0.281974 0.302204 -0.155352 -0.18479 -0.678223 -0.481181 -0.478169 -0.726246 -0.204514 
-0.0856291 0.251903 -0.340147 0.0135789 0.241381 0.00658593 -0.0817034 -0.20519 -0.103565 
0.403958 0.432843 0.128124 0.1543 0.592159 0.293031 0.366566 0.02449 0.603293 
0.0783794 -0.501595 0.213566 0.0332048 0.188044 -0.269959 -0.118982 0.13534 -0.304213 
0.226589 0.0783243 -0.0137757 -0.514537 -0.52374 -0.0566867 0.120784 -0.217184 -0.28237 
Layer 3 Weights: -0.268639 0.279285 0.185632 0.301341 -0.201389 0.229268 -0.015608 0.434848 -0.121793 
0.234304 -0.0318926 0.328529 -0.0801493 0.367358 -0.0705443 -0.155973 -0.388354 0.281119 
-0.103532 -0.361701 0.126344 -0.452218 0.357587 0.109287 -0.290426 0.266325 -0.229521 
-0.219422 0.0227424 0.0353688 0.328063 0.34973 -0.175631 -0.190946 -0.0725412 0.270629 
0.175163 0.353186 0.132077 0.0896418 0.240121 0.112767 0.0250473 0.309864 0.397465 
0.08519 0.24061 0.154174 -0.133249 -0.223896 0.0409893 -0.155714 0.400138 -0.16774 
-0.395836 -0.178956 0.468519 -0.21652 0.014241 -0.15232 0.388114 0.242121 0.40073 
-0.0289969 0.0839669 0.417724 -0.0990998 0.334026 -0.42646 -0.0670361 0.204394 0.320275 
-0.23347 -0.128024 -0.460823 -0.0908967 0.3427 0.117446 -0.461491 0.307546 0.435166 
Loss: 12.6427
Layer 1 Probabilities: 0.0610574 0.0605709 0.0601456 0.0604615 0.0676806 0.0605967 0.509035 0.0608651 0.0595871 
Layer 2 Probabilities: 0.0610574 0.0605709 0.0601456 0.0604615 0.0676806 0.0605967 0.509035 0.0608651 0.0595871 
Layer 3 Probabilities: 0.0610574 0.0605709 0.0601456 0.0604615 0.0676806 0.0605967 0.509035 0.0608651 0.0595871 
Layer 1 Error: 1 1 1 1 1 1 1 1 1 
Layer 2 Error: 1 1 1 1 1 1 1 1 1 
Layer 3 Error: -0.0610574 -0.0605709 -0.0601456 -0.0604615 -0.0676806 -0.0605967 0.490965 -0.0608651 -0.0595871 
Process: 34 | Time taken: 881 microseconds | Errors below threshold: 0/9
Layer 1 Outputs: 1.54505 1.50063 1.83434 1.72261 1.60863 2.98811 2.50874 2.72069 1.87341 
Layer 2 Outputs: -0.0225352 -0.0158029 -0.0580783 -0.0306379 -0.0631905 -0.0118477 6.28733 -0.0150968 -0.0251299 
Layer 3 Outputs: -0.00100001 -0.0101563 -0.0182358 -0.0122379 0.116359 -0.00967783 2.42855 -0.00460565 -0.0289334 
Layer 1 Weights: -0.0856726 -0.00365015 -0.466768 -0.231717 -0.00221813 -0.0864932 0.599862 0.616637 0.267778 
0.284146 -0.054305 -0.1846 -0.796746 -0.119899 -0.353314 0.582497 0.290615 -0.0844296 
0.413969 -0.626675 -0.410001 -0.376276 -0.330021 -0.25136 0.0369605 -0.00429742 0.543781 
0.708307 0.0874494 -0.554102 -0.314185 -0.386395 -0.219422 0.572117 -0.0577484 0.246614 
-0.0351904 0.0512444 -0.224699 -0.482549 -0.51937 -0.489737 0.260082 0.0138503 0.273316 
0.0826845 -0.812514 -0.143036 -0.511483 -0.664418 -0.382815 0.627972 0.443126 0.415569 
0.538639 -0.451278 -0.0356396 -0.795754 -0.725902 -0.0564772 0.302287 0.548238 0.481742 
0.0956583 -0.663688 -0.503314 -0.222639 -0.342315 -0.449774 0.553542 0.625187 0.578869 
0.525573 -0.45536 -0.546615 0.094247 -0.785424 -0.447549 -0.0815664 0.402155 -0.018821 
Layer 2 Weights: 0.421002 -0.324961 -0.365373 -0.338732 -0.176878 0.123005 -0.202419 0.0586818 -0.357041 
-0.145029 0.387957 -0.152116 -0.612123 0.0432179 0.0782042 -0.0452186 -0.156649 -0.0572847 
0.186338 -0.38135 -0.0832684 -0.503632 -0.225313 -0.754739 -0.758157 0.0831473 0.067411 
-0.583592 0.0981386 0.0726702 -0.572666 -0.0668036 0.384544 -0.401485 -0.510462 -0.0214101 
0.269075 0.289189 -0.167494 -0.197256 -0.690982 -0.490961 -0.488666 -0.736387 -0.216525 
-0.0880042 0.249473 -0.342429 0.0112668 0.239032 0.00453886 -0.0838236 -0.207273 -0.105834 
0.416797 0.445791 0.140315 0.16675 0.604868 0.303917 0.377805 0.0355551 0.615385 
0.0753794 -0.504603 0.210533 0.0301729 0.185027 -0.272789 -0.121893 0.132469 -0.307241 
0.214257 0.066139 -0.0163021 -0.519108 -0.535359 -0.0577349 0.119621 -0.218283 -0.284584 
Layer 3 Weights: -0.268639 0.279285 0.185632 0.301341 -0.201389 0.229268 -0.015608 0.434848 -0.121793 
0.234304 -0.0318926 0.328529 -0.0801493 0.367358 -0.0705443 -0.155973 -0.388354 0.281119 
-0.103532 -0.361701 0.126344 -0.452218 0.357587 0.109287 -0.290426 0.266325 -0.229521 
-0.219422 0.0227424 0.0353688 0.328063 0.34973 -0.175631 -0.190946 -0.0725412 0.270629 
0.175163 0.353186 0.132077 0.0896418 0.240121 0.112767 0.0250473 0.309864 0.397465 
0.08519 0.24061 0.154174 -0.133249 -0.223896 0.0409893 -0.155714 0.400138 -0.16774 
-0.395836 -0.178956 0.468519 -0.21652 0.014241 -0.15232 0.388114 0.242121 0.40073 
-0.0289969 0.0839669 0.417724 -0.0990998 0.334026 -0.42646 -0.0670361 0.204394 0.320275 
-0.23347 -0.128024 -0.460823 -0.0908967 0.3427 0.117446 -0.461491 0.307546 0.435166 
Loss: 12.7582
Layer 1 Probabilities: 0.0563284 0.0558477 0.0554273 0.0557393 0.0628822 0.0558729 0.546888 0.0561385 0.0548756 
Layer 2 Probabilities: 0.0563284 0.0558477 0.0554273 0.0557393 0.0628822 0.0558729 0.546888 0.0561385 0.0548756 
Layer 3 Probabilities: 0.0563284 0.0558477 0.0554273 0.0557393 0.0628822 0.0558729 0.546888 0.0561385 0.0548756 
Layer 1 Error: 1 1 1 1 1 1 1 1 1 
Layer 2 Error: 1 1 1 1 1 1 1 1 1 
Layer 3 Error: -0.0563284 -0.0558477 -0.0554273 -0.0557393 -0.0628822 -0.0558729 0.453112 -0.0561385 -0.0548756 
Process: 35 | Time taken: 828 microseconds | Errors below threshold: 0/9
Layer 1 Outputs: 1.60745 1.56456 1.89312 1.78281 1.67029 3.04487 2.5655 2.77746 1.9315 
Layer 2 Outputs: -0.0235783 -0.0166709 -0.0617573 -0.0330328 -0.0667874 -0.0124179 6.704 -0.0159782 -0.0267064 
Layer 3 Outputs: -0.00107468 -0.0108324 -0.0194478 -0.0130558 0.123778 -0.0103252 2.58882 -0.00491483 -0.0308562 
Layer 1 Weights: -0.0747513 -0.0145715 -0.477689 -0.242638 -0.0131394 -0.0974145 0.610784 0.627559 0.2787 
0.295334 -0.0654927 -0.195787 -0.807933 -0.131087 -0.364501 0.593684 0.301802 -0.073242 
0.424256 -0.636962 -0.420288 -0.386563 -0.340307 -0.261647 0.0472471 0.00598909 0.554067 
0.718841 0.0769154 -0.564636 -0.324719 -0.396929 -0.229956 0.582651 -0.0472144 0.257148 
-0.0244001 0.0404541 -0.235489 -0.49334 -0.53016 -0.500527 0.270872 0.0246406 0.284107 
0.0926182 -0.822448 -0.152969 -0.521416 -0.674352 -0.392748 0.637906 0.453059 0.425502 
0.548573 -0.461212 -0.0455732 -0.805687 -0.735835 -0.0664108 0.31222 0.558171 0.491675 
0.105592 -0.673621 -0.513248 -0.232573 -0.352249 -0.459707 0.563475 0.635121 0.588803 
0.53574 -0.465527 -0.556782 0.0840806 -0.79559 -0.457715 -0.0714 0.412321 -0.00865462 
Layer 2 Weights: 0.418973 -0.327117 -0.367157 -0.340564 -0.178805 0.121393 -0.204081 0.0570452 -0.358811 
-0.147598 0.385361 -0.154672 -0.614688 0.0406483 0.0758386 -0.047655 -0.15905 -0.0598336 
0.173584 -0.394221 -0.0954029 -0.516015 -0.23794 -0.765271 -0.769185 0.0723611 0.0553729 
-0.596241 0.085421 0.0605326 -0.58503 -0.0793669 0.383194 -0.403485 -0.51207 -0.0334552 
0.25623 0.276216 -0.17953 -0.209632 -0.703673 -0.500586 -0.499019 -0.74638 -0.228425 
-0.0902305 0.247184 -0.344536 0.00912448 0.236842 0.00266403 -0.0857678 -0.209181 -0.107927 
0.429562 0.458678 0.152381 0.179092 0.617489 0.314619 0.388875 0.0464434 0.627348 
0.0726044 -0.507391 0.207747 0.0273818 0.182242 -0.275378 -0.124559 0.129841 -0.310022 
0.201971 0.053969 -0.0187882 -0.523675 -0.546934 -0.0587164 0.118524 -0.219315 -0.28675 
Layer 3 Weights: -0.268639 0.279285 0.185632 0.301341 -0.201389 0.229268 -0.015608 0.434848 -0.121793 
0.234304 -0.0318926 0.328529 -0.0801493 0.367358 -0.0705443 -0.155973 -0.388354 0.281119 
-0.103532 -0.361701 0.126344 -0.452218 0.357587 0.109287 -0.290426 0.266325 -0.229521 
-0.219422 0.0227424 0.0353688 0.328063 0.34973 -0.175631 -0.190946 -0.0725412 0.270629 
0.175163 0.353186 0.132077 0.0896418 0.240121 0.112767 0.0250473 0.309864 0.397465 
0.08519 0.24061 0.154174 -0.133249 -0.223896 0.0409893 -0.155714 0.400138 -0.16774 
-0.395836 -0.178956 0.468519 -0.21652 0.014241 -0.15232 0.388114 0.242121 0.40073 
-0.0289969 0.0839669 0.417724 -0.0990998 0.334026 -0.42646 -0.0670361 0.204394 0.320275 
-0.23347 -0.128024 -0.460823 -0.0908967 0.3427 0.117446 -0.461491 0.307546 0.435166 
Loss: 12.855
Layer 1 Probabilities: 0.0515434 0.0510736 0.0506626 0.0509674 0.0579617 0.051098 0.585212 0.0513579 0.0501235 
Layer 2 Probabilities: 0.0515434 0.0510736 0.0506626 0.0509674 0.0579617 0.051098 0.585212 0.0513579 0.0501235 
Layer 3 Probabilities: 0.0515434 0.0510736 0.0506626 0.0509674 0.0579617 0.051098 0.585212 0.0513579 0.0501235 
Layer 1 Error: 1 1 1 1 1 1 1 1 1 
Layer 2 Error: 1 1 1 1 1 1 1 1 1 
Layer 3 Error: -0.0515434 -0.0510736 -0.0506626 -0.0509674 -0.0579617 -0.051098 0.414788 -0.0513579 -0.0501235 
Process: 36 | Time taken: 670 microseconds | Errors below threshold: 7/9
Layer 1 Outputs: 1.66979 1.62843 1.95185 1.84295 1.73188 3.10161 2.62224 2.8342 1.98956 
Layer 2 Outputs: -0.0246154 -0.0175256 -0.0655262 -0.0355054 -0.0704787 -0.0129791 7.12976 -0.0168441 -0.0283294 
Layer 3 Outputs: -0.00115083 -0.0115234 -0.0206861 -0.0138918 0.131376 -0.0109863 2.75257 -0.00523085 -0.0328209 
Layer 1 Weights: -0.0638414 -0.0254814 -0.488599 -0.253548 -0.0240493 -0.108324 0.621694 0.638469 0.28961 
0.30651 -0.0766691 -0.206964 -0.81911 -0.142264 -0.375678 0.604861 0.312979 -0.0620656 
0.434535 -0.647241 -0.430567 -0.396842 -0.350586 -0.271926 0.0575261 0.0162682 0.564346 
0.729366 0.066391 -0.57516 -0.335243 -0.407454 -0.240481 0.593176 -0.03669 0.267672 
-0.0136207 0.0296748 -0.246269 -0.504119 -0.540939 -0.511306 0.281651 0.03542 0.294886 
0.102548 -0.832378 -0.162899 -0.531346 -0.684281 -0.402678 0.647836 0.462989 0.435432 
0.558503 -0.471142 -0.0555032 -0.815617 -0.745765 -0.0763408 0.32215 0.568101 0.501605 
0.115522 -0.683551 -0.523178 -0.242503 -0.362179 -0.469637 0.573405 0.645051 0.598733 
0.5459 -0.475687 -0.566942 0.0739205 -0.80575 -0.467875 -0.0612399 0.422481 0.00150551 
Layer 2 Weights: 0.417042 -0.329184 -0.368814 -0.342274 -0.180623 0.119913 -0.205609 0.0555423 -0.360452 
-0.149986 0.382942 -0.157025 -0.617057 0.0382669 0.0736725 -0.0498882 -0.16125 -0.0621795 
0.160947 -0.406988 -0.107368 -0.528244 -0.250435 -0.775579 -0.779999 0.061794 0.0435105 
-0.60878 0.0727969 0.0485629 -0.597245 -0.0918046 0.381873 -0.405454 -0.513649 -0.0453263 
0.243478 0.263323 -0.191425 -0.221883 -0.716259 -0.510031 -0.509198 -0.756195 -0.24018 
-0.0923182 0.245028 -0.346481 0.00713884 0.2348 0.000946953 -0.0875507 -0.210931 -0.109857 
0.442212 0.471464 0.164286 0.191287 0.629983 0.325104 0.399742 0.0571225 0.639145 
0.0700365 -0.509977 0.205185 0.0248116 0.17967 -0.277746 -0.127 0.127436 -0.312577 
0.189775 0.041862 -0.0212273 -0.528215 -0.558418 -0.0596352 0.11749 -0.220285 -0.288866 
Layer 3 Weights: -0.268639 0.279285 0.185632 0.301341 -0.201389 0.229268 -0.015608 0.434848 -0.121793 
0.234304 -0.0318926 0.328529 -0.0801493 0.367358 -0.0705443 -0.155973 -0.388354 0.281119 
-0.103532 -0.361701 0.126344 -0.452218 0.357587 0.109287 -0.290426 0.266325 -0.229521 
-0.219422 0.0227424 0.0353688 0.328063 0.34973 -0.175631 -0.190946 -0.0725412 0.270629 
0.175163 0.353186 0.132077 0.0896418 0.240121 0.112767 0.0250473 0.309864 0.397465 
0.08519 0.24061 0.154174 -0.133249 -0.223896 0.0409893 -0.155714 0.400138 -0.16774 
-0.395836 -0.178956 0.468519 -0.21652 0.014241 -0.15232 0.388114 0.242121 0.40073 
-0.0289969 0.0839669 0.417724 -0.0990998 0.334026 -0.42646 -0.0670361 0.204394 0.320275 
-0.23347 -0.128024 -0.460823 -0.0908967 0.3427 0.117446 -0.461491 0.307546 0.435166 
Loss: 12.9348
Layer 1 Probabilities: 0.0467746 0.0463204 0.045923 0.0462175 0.0529947 0.0463439 0.623429 0.0465953 0.0454021 
Layer 2 Probabilities: 0.0467746 0.0463204 0.045923 0.0462175 0.0529947 0.0463439 0.623429 0.0465953 0.0454021 
Layer 3 Probabilities: 0.0467746 0.0463204 0.045923 0.0462175 0.0529947 0.0463439 0.623429 0.0465953 0.0454021 
Layer 1 Error: 1 1 1 1 1 1 1 1 1 
Layer 2 Error: 1 1 1 1 1 1 1 1 1 
Layer 3 Error: -0.0467746 -0.0463204 -0.045923 -0.0462175 -0.0529947 -0.0463439 0.376571 -0.0465953 -0.0454021 
Process: 37 | Time taken: 838 microseconds | Errors below threshold: 8/9
Layer 1 Outputs: 1.73206 1.69222 2.01055 1.90303 1.79341 3.15833 2.67897 2.89092 2.04758 
Layer 2 Outputs: -0.0256465 -0.0183673 -0.0693746 -0.0380488 -0.0742553 -0.0135313 7.56357 -0.0176947 -0.029995 
Layer 3 Outputs: -0.00122825 -0.0122276 -0.0219478 -0.0147439 0.139133 -0.0116596 2.9194 -0.00555296 -0.0348228 
Layer 1 Weights: -0.0529441 -0.0363786 -0.499497 -0.264446 -0.0349466 -0.119222 0.632591 0.649366 0.300507 
0.317673 -0.0878323 -0.218127 -0.830273 -0.153427 -0.386841 0.616024 0.324142 -0.0509024 
0.444806 -0.657512 -0.440838 -0.407113 -0.360857 -0.282197 0.0677974 0.0265394 0.574617 
0.73988 0.0558766 -0.585675 -0.345758 -0.417968 -0.250995 0.60369 -0.0261756 0.278186 
-0.00285344 0.0189075 -0.257036 -0.514886 -0.551707 -0.522074 0.292419 0.0461873 0.305653 
0.112474 -0.842304 -0.172826 -0.541273 -0.694208 -0.412604 0.657762 0.472915 0.445358 
0.568429 -0.481068 -0.0654293 -0.825543 -0.755692 -0.086267 0.332076 0.578028 0.511531 
0.125448 -0.693478 -0.533104 -0.252429 -0.372105 -0.479564 0.583332 0.654977 0.608659 
0.556054 -0.48584 -0.577095 0.0637669 -0.815904 -0.478029 -0.0510862 0.432635 0.0116591 
Layer 2 Weights: 0.415204 -0.331164 -0.370353 -0.343872 -0.182338 0.118556 -0.207013 0.0541623 -0.361973 
-0.152206 0.380687 -0.159193 -0.619243 0.0360596 0.0716894 -0.051935 -0.163265 -0.0643389 
0.14847 -0.419607 -0.119124 -0.540281 -0.262758 -0.785631 -0.790567 0.0514777 0.031861 
-0.621167 0.0603104 0.0367991 -0.60927 -0.104075 0.380585 -0.407384 -0.515193 -0.0569862 
0.230857 0.25055 -0.203145 -0.233972 -0.728701 -0.519267 -0.519174 -0.765804 -0.251755 
-0.094276 0.242997 -0.348277 0.0052982 0.232894 -0.000625536 -0.0891856 -0.212533 -0.111638 
0.454706 0.484107 0.175992 0.203297 0.64231 0.335342 0.410374 0.0675596 0.650738 
0.0676597 -0.512375 0.202831 0.0224447 0.177294 -0.279913 -0.129234 0.125235 -0.314924 
0.177716 0.0298665 -0.0236119 -0.532707 -0.569768 -0.0604948 0.116516 -0.221194 -0.290925 
Layer 3 Weights: -0.268639 0.279285 0.185632 0.301341 -0.201389 0.229268 -0.015608 0.434848 -0.121793 
0.234304 -0.0318926 0.328529 -0.0801493 0.367358 -0.0705443 -0.155973 -0.388354 0.281119 
-0.103532 -0.361701 0.126344 -0.452218 0.357587 0.109287 -0.290426 0.266325 -0.229521 
-0.219422 0.0227424 0.0353688 0.328063 0.34973 -0.175631 -0.190946 -0.0725412 0.270629 
0.175163 0.353186 0.132077 0.0896418 0.240121 0.112767 0.0250473 0.309864 0.397465 
0.08519 0.24061 0.154174 -0.133249 -0.223896 0.0409893 -0.155714 0.400138 -0.16774 
-0.395836 -0.178956 0.468519 -0.21652 0.014241 -0.15232 0.388114 0.242121 0.40073 
-0.0289969 0.0839669 0.417724 -0.0990998 0.334026 -0.42646 -0.0670361 0.204394 0.320275 
-0.23347 -0.128024 -0.460823 -0.0908967 0.3427 0.117446 -0.461491 0.307546 0.435166 
Loss: 12.9995
Layer 1 Probabilities: 0.0420959 0.0416615 0.0412815 0.041563 0.0480613 0.0416839 0.660945 0.0419245 0.0407836 
Layer 2 Probabilities: 0.0420959 0.0416615 0.0412815 0.041563 0.0480613 0.0416839 0.660945 0.0419245 0.0407836 
Layer 3 Probabilities: 0.0420959 0.0416615 0.0412815 0.041563 0.0480613 0.0416839 0.660945 0.0419245 0.0407836 
Layer 1 Error: 1 1 1 1 1 1 1 1 1 
Layer 2 Error: 1 1 1 1 1 1 1 1 1 
Layer 3 Error: -0.0420959 -0.0416615 -0.0412815 -0.041563 -0.0480613 -0.0416839 0.339055 -0.0419245 -0.0407836 
Process: 38 | Time taken: 860 microseconds | Errors below threshold: 8/9
Layer 1 Outputs: 1.79426 1.75592 2.06919 1.96305 1.85486 3.21503 2.73566 2.94762 2.10556 
Layer 2 Outputs: -0.0266713 -0.019196 -0.0732915 -0.0406554 -0.078107 -0.0140745 8.00431 -0.0185301 -0.0316989 
Layer 3 Outputs: -0.00130678 -0.0129433 -0.0232296 -0.0156099 0.147027 -0.0123434 3.08888 -0.00588031 -0.0368568 
Layer 1 Weights: -0.0420607 -0.0472621 -0.51038 -0.275329 -0.0458301 -0.130105 0.643474 0.660249 0.31139 
0.328821 -0.0989806 -0.229275 -0.841421 -0.164575 -0.397989 0.627172 0.33529 -0.0397541 
0.455069 -0.667775 -0.451101 -0.417376 -0.371121 -0.292461 0.0780606 0.0368026 0.584881 
0.750384 0.045373 -0.596178 -0.356261 -0.428472 -0.261499 0.614194 -0.015672 0.28869 
0.00790099 0.00815302 -0.26779 -0.525641 -0.562461 -0.532828 0.303173 0.0569417 0.316408 
0.122397 -0.852226 -0.182748 -0.551195 -0.70413 -0.422527 0.667684 0.482838 0.455281 
0.578351 -0.49099 -0.0753517 -0.835466 -0.765614 -0.0961893 0.341999 0.58795 0.521454 
0.13537 -0.7034 -0.543026 -0.262351 -0.382027 -0.489486 0.593254 0.664899 0.618581 
0.5662 -0.495987 -0.587242 0.0536199 -0.826051 -0.488176 -0.0409393 0.442782 0.0218061 
Layer 2 Weights: 0.413457 -0.333059 -0.371782 -0.345364 -0.183955 0.117311 -0.208303 0.0528952 -0.363384 
-0.15427 0.378584 -0.16119 -0.621263 0.0340136 0.0698739 -0.0538107 -0.16511 -0.0663264 
0.136196 -0.432034 -0.130635 -0.552086 -0.274867 -0.795399 -0.800858 0.0414427 0.0204622 
-0.633358 0.0480063 0.0252795 -0.621066 -0.116136 0.379334 -0.409269 -0.516695 -0.0683972 
0.218409 0.237939 -0.214651 -0.24586 -0.740959 -0.528266 -0.528917 -0.775179 -0.263112 
-0.0961116 0.241084 -0.349936 0.00359207 0.231117 -0.00206543 -0.0906846 -0.214002 -0.113281 
0.467003 0.496562 0.187461 0.215082 0.654427 0.3453 0.420737 0.0777231 0.66209 
0.0654597 -0.5146 0.200667 0.020265 0.175101 -0.281895 -0.13128 0.123221 -0.31708 
0.165839 0.0180308 -0.0259349 -0.53713 -0.580938 -0.0612986 0.115599 -0.222047 -0.292923 
Layer 3 Weights: -0.268639 0.279285 0.185632 0.301341 -0.201389 0.229268 -0.015608 0.434848 -0.121793 
0.234304 -0.0318926 0.328529 -0.0801493 0.367358 -0.0705443 -0.155973 -0.388354 0.281119 
-0.103532 -0.361701 0.126344 -0.452218 0.357587 0.109287 -0.290426 0.266325 -0.229521 
-0.219422 0.0227424 0.0353688 0.328063 0.34973 -0.175631 -0.190946 -0.0725412 0.270629 
0.175163 0.353186 0.132077 0.0896418 0.240121 0.112767 0.0250473 0.309864 0.397465 
0.08519 0.24061 0.154174 -0.133249 -0.223896 0.0409893 -0.155714 0.400138 -0.16774 
-0.395836 -0.178956 0.468519 -0.21652 0.014241 -0.15232 0.388114 0.242121 0.40073 
-0.0289969 0.0839669 0.417724 -0.0990998 0.334026 -0.42646 -0.0670361 0.204394 0.320275 
-0.23347 -0.128024 -0.460823 -0.0908967 0.3427 0.117446 -0.461491 0.307546 0.435166 
Loss: 13.0511
Layer 1 Probabilities: 0.0375784 0.0371674 0.0368078 0.037074 0.0432411 0.0371885 0.69719 0.0374163 0.036337 
Layer 2 Probabilities: 0.0375784 0.0371674 0.0368078 0.037074 0.0432411 0.0371885 0.69719 0.0374163 0.036337 
Layer 3 Probabilities: 0.0375784 0.0371674 0.0368078 0.037074 0.0432411 0.0371885 0.69719 0.0374163 0.036337 
Layer 1 Error: 1 1 1 1 1 1 1 1 1 
Layer 2 Error: 1 1 1 1 1 1 1 1 1 
Layer 3 Error: -0.0375784 -0.0371674 -0.0368078 -0.037074 -0.0432411 -0.0371885 0.30281 -0.0374163 -0.036337 
Process: 39 | Time taken: 875 microseconds | Errors below threshold: 8/9
Layer 1 Outputs: 1.85636 1.81953 2.12779 2.02301 1.91624 3.27171 2.79234 3.0043 2.1635 
Layer 2 Outputs: -0.0276896 -0.020012 -0.0772652 -0.0433172 -0.0820232 -0.0146088 8.45082 -0.0193507 -0.0334365 
Layer 3 Outputs: -0.0013862 -0.0136685 -0.0245281 -0.0164874 0.155035 -0.013036 3.26057 -0.00621203 -0.0389174 
Layer 1 Weights: -0.0311918 -0.0581309 -0.521249 -0.286198 -0.0566989 -0.140974 0.654343 0.671118 0.322259 
0.339953 -0.110113 -0.240407 -0.852553 -0.175707 -0.409121 0.638304 0.346422 -0.0286221 
0.465324 -0.67803 -0.461356 -0.427631 -0.381376 -0.302715 0.0883155 0.0470575 0.595135 
0.760876 0.0348804 -0.606671 -0.366754 -0.438964 -0.271991 0.624686 -0.00517941 0.299183 
0.0186418 -0.00258782 -0.278531 -0.536382 -0.573202 -0.543569 0.313914 0.0676825 0.327149 
0.132315 -0.862144 -0.192666 -0.561113 -0.714048 -0.432445 0.677603 0.492756 0.465199 
0.58827 -0.500909 -0.08527 -0.845384 -0.775532 -0.106108 0.351917 0.597868 0.531372 
0.145289 -0.713318 -0.552945 -0.272269 -0.391946 -0.499404 0.603172 0.674818 0.6285 
0.57634 -0.506127 -0.597382 0.0434799 -0.836191 -0.498316 -0.0307993 0.452922 0.0319461 
Layer 2 Weights: 0.411798 -0.334869 -0.373107 -0.346756 -0.185479 0.116169 -0.209489 0.0517321 -0.364691 
-0.156188 0.376624 -0.163029 -0.623127 0.0321174 0.0682122 -0.0555295 -0.1668 -0.0681555 
0.124169 -0.444226 -0.141862 -0.563619 -0.286719 -0.804855 -0.81084 0.0317181 0.00935069 
-0.645309 0.0359294 0.0140416 -0.632593 -0.127945 0.378125 -0.4111 -0.518152 -0.0795224 
0.206176 0.225532 -0.225909 -0.257509 -0.752992 -0.537004 -0.538397 -0.784291 -0.274217 
-0.0978319 0.239283 -0.351467 0.00201099 0.22946 -0.00338367 -0.0920587 -0.215347 -0.114795 
0.479058 0.508787 0.198655 0.226602 0.666294 0.354951 0.4308 0.0875827 0.673163 
0.0634235 -0.516663 0.198678 0.018258 0.173075 -0.283707 -0.133152 0.121379 -0.319061 
0.154191 0.00640243 -0.028189 -0.541463 -0.591885 -0.0620494 0.114737 -0.222847 -0.294856 
Layer 3 Weights: -0.268639 0.279285 0.185632 0.301341 -0.201389 0.229268 -0.015608 0.434848 -0.121793 
0.234304 -0.0318926 0.328529 -0.0801493 0.367358 -0.0705443 -0.155973 -0.388354 0.281119 
-0.103532 -0.361701 0.126344 -0.452218 0.357587 0.109287 -0.290426 0.266325 -0.229521 
-0.219422 0.0227424 0.0353688 0.328063 0.34973 -0.175631 -0.190946 -0.0725412 0.270629 
0.175163 0.353186 0.132077 0.0896418 0.240121 0.112767 0.0250473 0.309864 0.397465 
0.08519 0.24061 0.154174 -0.133249 -0.223896 0.0409893 -0.155714 0.400138 -0.16774 
-0.395836 -0.178956 0.468519 -0.21652 0.014241 -0.15232 0.388114 0.242121 0.40073 
-0.0289969 0.0839669 0.417724 -0.0990998 0.334026 -0.42646 -0.0670361 0.204394 0.320275 
-0.23347 -0.128024 -0.460823 -0.0908967 0.3427 0.117446 -0.461491 0.307546 0.435166 
Loss: 13.0916
Layer 1 Probabilities: 0.0332854 0.0329003 0.0325636 0.0328127 0.0386077 0.03292 0.731654 0.0331335 0.0321228 
Layer 2 Probabilities: 0.0332854 0.0329003 0.0325636 0.0328127 0.0386077 0.03292 0.731654 0.0331335 0.0321228 
Layer 3 Probabilities: 0.0332854 0.0329003 0.0325636 0.0328127 0.0386077 0.03292 0.731654 0.0331335 0.0321228 
Layer 1 Error: 1 1 1 1 1 1 1 1 1 
Layer 2 Error: 1 1 1 1 1 1 1 1 1 
Layer 3 Error: -0.0332854 -0.0329003 -0.0325636 -0.0328127 -0.0386077 -0.03292 0.268346 -0.0331335 -0.0321228 
Process: 40 | Time taken: 60284 microseconds | Errors below threshold: 8/9
Layer 1 Outputs: 1.91838 1.88304 2.18634 2.0829 1.97753 3.32836 2.84899 3.06095 2.22141 
Layer 2 Outputs: -0.0287013 -0.0208153 -0.0812838 -0.0460256 -0.0859927 -0.0151342 8.9019 -0.0201566 -0.0352028 
Layer 3 Outputs: -0.00146632 -0.0144012 -0.0258399 -0.0173741 0.163135 -0.0137353 3.43401 -0.00654721 -0.040999 
Layer 1 Weights: -0.0203384 -0.0689843 -0.532102 -0.297051 -0.0675523 -0.151827 0.665197 0.681972 0.333113 
0.351068 -0.121227 -0.251522 -0.863668 -0.186822 -0.420236 0.649419 0.357537 -0.0175076 
0.475571 -0.688276 -0.471602 -0.437878 -0.391622 -0.312962 0.0985618 0.0573038 0.605382 
0.771357 0.0243993 -0.617152 -0.377235 -0.449445 -0.282473 0.635167 0.00530166 0.309664 
0.0293685 -0.0133145 -0.289258 -0.547108 -0.583928 -0.554295 0.324641 0.0784092 0.337875 
0.142229 -0.872059 -0.20258 -0.571027 -0.723963 -0.442359 0.687517 0.50267 0.475113 
0.598184 -0.510823 -0.0951843 -0.855298 -0.785447 -0.116022 0.361831 0.607783 0.541286 
0.155203 -0.723233 -0.562859 -0.282184 -0.40186 -0.509319 0.613087 0.684732 0.638414 
0.586473 -0.51626 -0.607515 0.033347 -0.846324 -0.508449 -0.0206663 0.463055 0.042079 
Layer 2 Weights: 0.410225 -0.336594 -0.374338 -0.348055 -0.186913 0.115122 -0.210578 0.0506647 -0.365901 
-0.157971 0.374797 -0.164723 -0.624847 0.0303608 0.0666916 -0.0571039 -0.168348 -0.0698383 
0.112429 -0.456139 -0.15277 -0.574842 -0.298274 -0.813973 -0.820486 0.0223302 -0.0014387 
-0.656979 0.0241234 0.00312113 -0.643814 -0.139462 0.37696 -0.412871 -0.519558 -0.090327 
0.194199 0.213371 -0.236881 -0.268882 -0.76476 -0.545457 -0.547587 -0.793115 -0.285035 
-0.0994429 0.23759 -0.352881 0.00054633 0.227915 -0.00459024 -0.0933182 -0.21658 -0.116192 
0.490832 0.520739 0.209538 0.23782 0.67787 0.364268 0.440534 0.0971109 0.683923 
0.0615395 -0.518577 0.196851 0.0164102 0.171205 -0.285365 -0.134866 0.119693 -0.32088 
0.142813 -0.00497312 -0.0303678 -0.545688 -0.602567 -0.0627501 0.113928 -0.223595 -0.296717 
Layer 3 Weights: -0.268639 0.279285 0.185632 0.301341 -0.201389 0.229268 -0.015608 0.434848 -0.121793 
0.234304 -0.0318926 0.328529 -0.0801493 0.367358 -0.0705443 -0.155973 -0.388354 0.281119 
-0.103532 -0.361701 0.126344 -0.452218 0.357587 0.109287 -0.290426 0.266325 -0.229521 
-0.219422 0.0227424 0.0353688 0.328063 0.34973 -0.175631 -0.190946 -0.0725412 0.270629 
0.175163 0.353186 0.132077 0.0896418 0.240121 0.112767 0.0250473 0.309864 0.397465 
0.08519 0.24061 0.154174 -0.133249 -0.223896 0.0409893 -0.155714 0.400138 -0.16774 
-0.395836 -0.178956 0.468519 -0.21652 0.014241 -0.15232 0.388114 0.242121 0.40073 
-0.0289969 0.0839669 0.417724 -0.0990998 0.334026 -0.42646 -0.0670361 0.204394 0.320275 
-0.23347 -0.128024 -0.460823 -0.0908967 0.3427 0.117446 -0.461491 0.307546 0.435166 
Loss: 13.1229
Layer 1 Probabilities: 0.0292683 0.028911 0.0285987 0.0288296 0.034224 0.0289293 0.763922 0.0291274 0.0281902 
Layer 2 Probabilities: 0.0292683 0.028911 0.0285987 0.0288296 0.034224 0.0289293 0.763922 0.0291274 0.0281902 
Layer 3 Probabilities: 0.0292683 0.028911 0.0285987 0.0288296 0.034224 0.0289293 0.763922 0.0291274 0.0281902 
Layer 1 Error: 1 1 1 1 1 1 1 1 1 
Layer 2 Error: 1 1 1 1 1 1 1 1 1 
Layer 3 Error: -0.0292683 -0.028911 -0.0285987 -0.0288296 -0.034224 -0.0289293 0.236078 -0.0291274 -0.0281902 
Process: 41 | Time taken: 888 microseconds | Errors below threshold: 8/9
Layer 1 Outputs: 1.98031 1.94645 2.24484 2.14272 2.03875 3.38499 2.90562 3.11758 2.27927 
Layer 2 Outputs: -0.029706 -0.0216062 -0.0853352 -0.0487721 -0.0900041 -0.0156506 9.35633 -0.0209481 -0.0369928 
Layer 3 Outputs: -0.00154692 -0.0151395 -0.0271614 -0.0182677 0.171302 -0.0144397 3.60873 -0.00688497 -0.0430963 
Layer 1 Weights: -0.00950105 -0.0798217 -0.54294 -0.307889 -0.0783897 -0.162665 0.676034 0.692809 0.34395 
0.362164 -0.132323 -0.262618 -0.874764 -0.197918 -0.431332 0.660515 0.368633 -0.00641145 
0.485808 -0.698514 -0.48184 -0.448115 -0.401859 -0.323199 0.108799 0.0675413 0.615619 
0.781826 0.01393 -0.627621 -0.387704 -0.459915 -0.292942 0.645636 0.015771 0.320133 
0.0400804 -0.0240264 -0.29997 -0.55782 -0.59464 -0.565007 0.335353 0.0891211 0.348587 
0.152139 -0.881969 -0.212491 -0.580938 -0.733873 -0.45227 0.697427 0.512581 0.485023 
0.608094 -0.520733 -0.105094 -0.865208 -0.795357 -0.125932 0.371741 0.617693 0.551196 
0.165113 -0.733143 -0.572769 -0.292094 -0.41177 -0.519229 0.622997 0.694642 0.648324 
0.596599 -0.526386 -0.617641 0.0232212 -0.856449 -0.518574 -0.0105406 0.473181 0.0522048 
Layer 2 Weights: 0.408737 -0.338236 -0.375478 -0.349266 -0.188261 0.114162 -0.211579 0.0496855 -0.367022 
-0.159626 0.373097 -0.166281 -0.626435 0.0287342 0.0653006 -0.0585458 -0.169764 -0.071386 
0.101016 -0.467732 -0.163327 -0.585721 -0.309495 -0.822733 -0.829772 0.0133019 -0.0118744 
-0.668327 0.0126294 -0.00744936 -0.654692 -0.15065 0.375843 -0.414577 -0.520909 -0.100779 
0.182516 0.201498 -0.247535 -0.279942 -0.776227 -0.553603 -0.556463 -0.801629 -0.295533 
-0.10095 0.235999 -0.354184 -0.000809774 0.226477 -0.0056943 -0.0944721 -0.217708 -0.117479 
0.502283 0.532377 0.220078 0.2487 0.689117 0.373228 0.449913 0.106284 0.694339 
0.0597971 -0.52035 0.195173 0.0147097 0.169479 -0.286879 -0.136434 0.118152 -0.322549 
0.131747 -0.0160533 -0.0324657 -0.549787 -0.612946 -0.0634033 0.11317 -0.224294 -0.298505 
Layer 3 Weights: -0.268639 0.279285 0.185632 0.301341 -0.201389 0.229268 -0.015608 0.434848 -0.121793 
0.234304 -0.0318926 0.328529 -0.0801493 0.367358 -0.0705443 -0.155973 -0.388354 0.281119 
-0.103532 -0.361701 0.126344 -0.452218 0.357587 0.109287 -0.290426 0.266325 -0.229521 
-0.219422 0.0227424 0.0353688 0.328063 0.34973 -0.175631 -0.190946 -0.0725412 0.270629 
0.175163 0.353186 0.132077 0.0896418 0.240121 0.112767 0.0250473 0.309864 0.397465 
0.08519 0.24061 0.154174 -0.133249 -0.223896 0.0409893 -0.155714 0.400138 -0.16774 
-0.395836 -0.178956 0.468519 -0.21652 0.014241 -0.15232 0.388114 0.242121 0.40073 
-0.0289969 0.0839669 0.417724 -0.0990998 0.334026 -0.42646 -0.0670361 0.204394 0.320275 
-0.23347 -0.128024 -0.460823 -0.0908967 0.3427 0.117446 -0.461491 0.307546 0.435166 
Loss: 13.1469
Layer 1 Probabilities: 0.0255647 0.0252362 0.0249491 0.0251613 0.0301388 0.025253 0.793688 0.0254352 0.0245738 
Layer 2 Probabilities: 0.0255647 0.0252362 0.0249491 0.0251613 0.0301388 0.025253 0.793688 0.0254352 0.0245738 
Layer 3 Probabilities: 0.0255647 0.0252362 0.0249491 0.0251613 0.0301388 0.025253 0.793688 0.0254352 0.0245738 
Layer 1 Error: 1 1 1 1 1 1 1 1 1 
Layer 2 Error: 1 1 1 1 1 1 1 1 1 
Layer 3 Error: -0.0255647 -0.0252362 -0.0249491 -0.0251613 -0.0301388 -0.025253 0.206312 -0.0254352 -0.0245738 
Process: 42 | Time taken: 913 microseconds | Errors below threshold: 8/9
Layer 1 Outputs: 2.04214 2.00975 2.30329 2.20248 2.09987 3.4416 2.96223 3.17418 2.33709 
Layer 2 Outputs: -0.0307037 -0.0223848 -0.0894078 -0.051548 -0.0940462 -0.0161582 9.81293 -0.0217254 -0.0388014 
Layer 3 Outputs: -0.0016278 -0.0158815 -0.0284892 -0.0191656 0.179515 -0.0151472 3.78428 -0.0072244 -0.0452035 
Layer 1 Weights: 0.00131976 -0.0906425 -0.55376 -0.318709 -0.0892105 -0.173486 0.686855 0.70363 0.354771 
0.373241 -0.1434 -0.273695 -0.885841 -0.208995 -0.442409 0.671592 0.37971 0.00466541 
0.496037 -0.708742 -0.492069 -0.458344 -0.412088 -0.333428 0.119028 0.07777 0.625848 
0.792284 0.0034728 -0.638079 -0.398161 -0.470372 -0.303399 0.656094 0.0262282 0.33059 
0.0507773 -0.0347233 -0.310667 -0.568517 -0.605337 -0.575704 0.34605 0.099818 0.359284 
0.162045 -0.891875 -0.222396 -0.590843 -0.743779 -0.462175 0.707333 0.522486 0.494929 
0.618 -0.530639 -0.115 -0.875114 -0.805263 -0.135838 0.381647 0.627599 0.561102 
0.175019 -0.743049 -0.582675 -0.302 -0.421676 -0.529135 0.632903 0.704548 0.65823 
0.606718 -0.536504 -0.627759 0.0131028 -0.866568 -0.528693 -0.0004222 0.483299 0.0623232 
Layer 2 Weights: 0.40733 -0.339795 -0.376535 -0.350394 -0.189526 0.113283 -0.212497 0.0487876 -0.368059 
-0.161163 0.371515 -0.167715 -0.627899 0.0272288 0.0640284 -0.0598659 -0.17106 -0.072809 
0.0899654 -0.478969 -0.173503 -0.596225 -0.320349 -0.831117 -0.838678 0.00465196 -0.0219286 
-0.679318 0.0014849 -0.0176411 -0.665197 -0.161473 0.374775 -0.416213 -0.522203 -0.110852 
0.171166 0.18995 -0.257841 -0.290658 -0.787356 -0.561425 -0.565003 -0.809813 -0.305683 
-0.102359 0.234507 -0.355386 -0.0020646 0.225139 -0.00670424 -0.095529 -0.21874 -0.118664 
0.513378 0.543663 0.230245 0.259212 0.700003 0.381814 0.458917 0.115081 0.704381 
0.0581863 -0.521992 0.193631 0.0131453 0.167886 -0.288264 -0.137868 0.116743 -0.324082 
0.121028 -0.0267996 -0.0344779 -0.553746 -0.622988 -0.0640113 0.11246 -0.224946 -0.300215 
Layer 3 Weights: -0.268639 0.279285 0.185632 0.301341 -0.201389 0.229268 -0.015608 0.434848 -0.121793 
0.234304 -0.0318926 0.328529 -0.0801493 0.367358 -0.0705443 -0.155973 -0.388354 0.281119 
-0.103532 -0.361701 0.126344 -0.452218 0.357587 0.109287 -0.290426 0.266325 -0.229521 
-0.219422 0.0227424 0.0353688 0.328063 0.34973 -0.175631 -0.190946 -0.0725412 0.270629 
0.175163 0.353186 0.132077 0.0896418 0.240121 0.112767 0.0250473 0.309864 0.397465 
0.08519 0.24061 0.154174 -0.133249 -0.223896 0.0409893 -0.155714 0.400138 -0.16774 
-0.395836 -0.178956 0.468519 -0.21652 0.014241 -0.15232 0.388114 0.242121 0.40073 
-0.0289969 0.0839669 0.417724 -0.0990998 0.334026 -0.42646 -0.0670361 0.204394 0.320275 
-0.23347 -0.128024 -0.460823 -0.0908967 0.3427 0.117446 -0.461491 0.307546 0.435166 
Loss: 13.165
Layer 1 Probabilities: 0.0221972 0.0218975 0.0216358 0.0218291 0.0263855 0.0219128 0.820769 0.022079 0.0212938 
Layer 2 Probabilities: 0.0221972 0.0218975 0.0216358 0.0218291 0.0263855 0.0219128 0.820769 0.022079 0.0212938 
Layer 3 Probabilities: 0.0221972 0.0218975 0.0216358 0.0218291 0.0263855 0.0219128 0.820769 0.022079 0.0212938 
Layer 1 Error: 1 1 1 1 1 1 1 1 1 
Layer 2 Error: 1 1 1 1 1 1 1 1 1 
Layer 3 Error: -0.0221972 -0.0218975 -0.0216358 -0.0218291 -0.0263855 -0.0219128 0.179231 -0.022079 -0.0212938 
Process: 43 | Time taken: 827 microseconds | Errors below threshold: 8/9
Layer 1 Outputs: 2.10388 2.07293 2.36169 2.26217 2.16091 3.49818 3.01881 3.23076 2.39486 
Layer 2 Outputs: -0.031694 -0.0231514 -0.0934903 -0.054345 -0.0981078 -0.016657 10.2706 -0.022489 -0.0406237 
Layer 3 Outputs: -0.00170878 -0.0166253 -0.0298199 -0.0200658 0.187751 -0.0158562 3.96022 -0.00756466 -0.0473156 
Layer 1 Weights: 0.0121236 -0.101446 -0.564564 -0.329513 -0.100014 -0.184289 0.697659 0.714434 0.365575 
0.384298 -0.154457 -0.284752 -0.896898 -0.220051 -0.453466 0.682649 0.390767 0.0157224 
0.506256 -0.718962 -0.502288 -0.468563 -0.422308 -0.343647 0.129248 0.0879896 0.636067 
0.802729 -0.00697219 -0.648524 -0.408606 -0.480817 -0.313844 0.666539 0.0366732 0.341035 
0.0614587 -0.0454047 -0.321348 -0.579198 -0.616019 -0.586386 0.356731 0.110499 0.369965 
0.171947 -0.901776 -0.232298 -0.600745 -0.75368 -0.472077 0.717235 0.532388 0.504831 
0.627902 -0.54054 -0.124902 -0.885016 -0.815164 -0.145739 0.391549 0.6375 0.571004 
0.18492 -0.75295 -0.592576 -0.311901 -0.431577 -0.539036 0.642804 0.714449 0.668132 
0.616828 -0.546615 -0.63787 0.00299189 -0.876679 -0.538804 0.00968874 0.49341 0.0724341 
Layer 2 Weights: 0.406004 -0.341272 -0.377513 -0.351443 -0.190712 0.112477 -0.213339 0.0479644 -0.369018 
-0.162587 0.370045 -0.169033 -0.629248 0.0258366 0.0628653 -0.0610741 -0.172246 -0.0741166 
0.0793086 -0.489817 -0.183275 -0.606327 -0.330804 -0.839113 -0.847187 -0.00360516 -0.0315785 
-0.68992 -0.0092771 -0.02743 -0.675302 -0.171902 0.373759 -0.417777 -0.523437 -0.12052 
0.160179 0.178761 -0.267774 -0.301001 -0.798116 -0.568909 -0.573192 -0.817651 -0.31546 
-0.103674 0.233109 -0.356494 -0.00322488 0.223895 -0.00762775 -0.0964967 -0.219685 -0.119756 
0.524084 0.554565 0.240016 0.269328 0.710496 0.390009 0.467529 0.123487 0.714026 
0.0566982 -0.523513 0.192216 0.0117068 0.166418 -0.289528 -0.139179 0.115455 -0.325487 
0.11069 -0.0371785 -0.0364006 -0.557553 -0.632664 -0.0645766 0.111797 -0.225554 -0.301845 
Layer 3 Weights: -0.268639 0.279285 0.185632 0.301341 -0.201389 0.229268 -0.015608 0.434848 -0.121793 
0.234304 -0.0318926 0.328529 -0.0801493 0.367358 -0.0705443 -0.155973 -0.388354 0.281119 
-0.103532 -0.361701 0.126344 -0.452218 0.357587 0.109287 -0.290426 0.266325 -0.229521 
-0.219422 0.0227424 0.0353688 0.328063 0.34973 -0.175631 -0.190946 -0.0725412 0.270629 
0.175163 0.353186 0.132077 0.0896418 0.240121 0.112767 0.0250473 0.309864 0.397465 
0.08519 0.24061 0.154174 -0.133249 -0.223896 0.0409893 -0.155714 0.400138 -0.16774 
-0.395836 -0.178956 0.468519 -0.21652 0.014241 -0.15232 0.388114 0.242121 0.40073 
-0.0289969 0.0839669 0.417724 -0.0990998 0.334026 -0.42646 -0.0670361 0.204394 0.320275 
-0.23347 -0.128024 -0.460823 -0.0908967 0.3427 0.117446 -0.461491 0.307546 0.435166 
Loss: 13.1785
Layer 1 Probabilities: 0.0191738 0.0189024 0.0186656 0.0188405 0.0229815 0.0189163 0.845097 0.0190668 0.0183562 
Layer 2 Probabilities: 0.0191738 0.0189024 0.0186656 0.0188405 0.0229815 0.0189163 0.845097 0.0190668 0.0183562 
Layer 3 Probabilities: 0.0191738 0.0189024 0.0186656 0.0188405 0.0229815 0.0189163 0.845097 0.0190668 0.0183562 
Layer 1 Error: 1 1 1 1 1 1 1 1 1 
Layer 2 Error: 1 1 1 1 1 1 1 1 1 
Layer 3 Error: -0.0191738 -0.0189024 -0.0186656 -0.0188405 -0.0229815 -0.0189163 0.154903 -0.0190668 -0.0183562 
Process: 44 | Time taken: 674 microseconds | Errors below threshold: 8/9
Layer 1 Outputs: 2.16552 2.13599 2.42003 2.32178 2.22185 3.55473 3.07536 3.28732 2.4526 
Layer 2 Outputs: -0.032677 -0.0239061 -0.0975721 -0.057155 -0.102179 -0.017147 10.7282 -0.023239 -0.042455 
Layer 3 Outputs: -0.00178968 -0.0173691 -0.0311505 -0.0209661 0.19599 -0.016565 4.13615 -0.00790495 -0.0494277 
Layer 1 Weights: 0.0229101 -0.112233 -0.575351 -0.3403 -0.110801 -0.195076 0.708445 0.72522 0.376361 
0.395334 -0.165494 -0.295788 -0.907934 -0.231088 -0.464502 0.693685 0.401803 0.0267589 
0.516467 -0.729172 -0.512499 -0.478774 -0.432518 -0.353858 0.139458 0.0982 0.646278 
0.813161 -0.0174048 -0.658956 -0.419039 -0.49125 -0.324277 0.676971 0.0471058 0.351468 
0.0721245 -0.0560705 -0.332014 -0.589864 -0.626685 -0.597051 0.367397 0.121165 0.380631 
0.181844 -0.911673 -0.242195 -0.610642 -0.763577 -0.481974 0.727132 0.542285 0.514728 
0.637799 -0.550437 -0.134799 -0.894913 -0.825061 -0.155636 0.401446 0.647397 0.580901 
0.194818 -0.762847 -0.602473 -0.321798 -0.441474 -0.548933 0.652701 0.724346 0.678029 
0.626932 -0.556719 -0.647974 -0.00711148 -0.886782 -0.548907 0.0197921 0.503513 0.0825375 
Layer 2 Weights: 0.404756 -0.342667 -0.378418 -0.352418 -0.191822 0.11174 -0.214111 0.0472102 -0.369903 
-0.163907 0.368679 -0.170245 -0.630491 0.02455 0.0618024 -0.0621793 -0.173329 -0.0753176 
0.0690712 -0.500248 -0.192625 -0.616005 -0.340839 -0.846712 -0.855288 -0.0114597 -0.0408059 
-0.700108 -0.0196289 -0.0367971 -0.684986 -0.181914 0.372795 -0.419264 -0.52461 -0.129768 
0.149586 0.167962 -0.277313 -0.310948 -0.808482 -0.576045 -0.581015 -0.825133 -0.324843 
-0.1049 0.231801 -0.357515 -0.00429694 0.22274 -0.00847194 -0.0973824 -0.220549 -0.12076 
0.534375 0.565056 0.249371 0.279027 0.720573 0.397806 0.475736 0.131491 0.723256 
0.0553243 -0.524919 0.190918 0.0103847 0.165065 -0.290683 -0.140378 0.114278 -0.326776 
0.100757 -0.0471619 -0.0382315 -0.561199 -0.641951 -0.0651015 0.111179 -0.22612 -0.303394 
Layer 3 Weights: -0.268639 0.279285 0.185632 0.301341 -0.201389 0.229268 -0.015608 0.434848 -0.121793 
0.234304 -0.0318926 0.328529 -0.0801493 0.367358 -0.0705443 -0.155973 -0.388354 0.281119 
-0.103532 -0.361701 0.126344 -0.452218 0.357587 0.109287 -0.290426 0.266325 -0.229521 
-0.219422 0.0227424 0.0353688 0.328063 0.34973 -0.175631 -0.190946 -0.0725412 0.270629 
0.175163 0.353186 0.132077 0.0896418 0.240121 0.112767 0.0250473 0.309864 0.397465 
0.08519 0.24061 0.154174 -0.133249 -0.223896 0.0409893 -0.155714 0.400138 -0.16774 
-0.395836 -0.178956 0.468519 -0.21652 0.014241 -0.15232 0.388114 0.242121 0.40073 
-0.0289969 0.0839669 0.417724 -0.0990998 0.334026 -0.42646 -0.0670361 0.204394 0.320275 
-0.23347 -0.128024 -0.460823 -0.0908967 0.3427 0.117446 -0.461491 0.307546 0.435166 
Loss: 13.1885
Layer 1 Probabilities: 0.0164902 0.0162461 0.0160331 0.0161903 0.01993 0.0162586 0.866703 0.0163939 0.015755 
Layer 2 Probabilities: 0.0164902 0.0162461 0.0160331 0.0161903 0.01993 0.0162586 0.866703 0.0163939 0.015755 
Layer 3 Probabilities: 0.0164902 0.0162461 0.0160331 0.0161903 0.01993 0.0162586 0.866703 0.0163939 0.015755 
Layer 1 Error: 1 1 1 1 1 1 1 1 1 
Layer 2 Error: 1 1 1 1 1 1 1 1 1 
Layer 3 Error: -0.0164902 -0.0162461 -0.0160331 -0.0161903 -0.01993 -0.0162586 0.133297 -0.0163939 -0.015755 
Process: 45 | Time taken: 690 microseconds | Errors below threshold: 8/9
Layer 1 Outputs: 2.22705 2.19894 2.47833 2.38132 2.28271 3.61126 3.13189 3.34385 2.51029 
Layer 2 Outputs: -0.0336524 -0.0246493 -0.101644 -0.0599705 -0.106249 -0.0176284 11.1848 -0.023976 -0.0442907 
Layer 3 Outputs: -0.00187032 -0.0181114 -0.0324782 -0.0218645 0.204214 -0.0172721 4.31168 -0.00824452 -0.0515351 
Layer 1 Weights: 0.0336791 -0.123002 -0.58612 -0.351069 -0.12157 -0.205845 0.719214 0.735989 0.38713 
0.40635 -0.176509 -0.306804 -0.91895 -0.242104 -0.475518 0.704701 0.412819 0.0377747 
0.526668 -0.739374 -0.5227 -0.488975 -0.442719 -0.364059 0.149659 0.108401 0.656479 
0.823581 -0.0278248 -0.669376 -0.429459 -0.50167 -0.334697 0.687391 0.0575258 0.361888 
0.0827743 -0.0667203 -0.342664 -0.600514 -0.637334 -0.607701 0.378047 0.131815 0.391281 
0.191736 -0.921566 -0.252087 -0.620535 -0.77347 -0.491866 0.737024 0.552177 0.52462 
0.647691 -0.56033 -0.144691 -0.904805 -0.834954 -0.165529 0.411338 0.65729 0.590793 
0.20471 -0.77274 -0.612366 -0.331691 -0.451367 -0.558826 0.662594 0.734239 0.687921 
0.637028 -0.566814 -0.658069 -0.0172072 -0.896878 -0.559003 0.0298878 0.513609 0.0926332 
Layer 2 Weights: 0.403584 -0.343982 -0.379254 -0.353322 -0.192859 0.111065 -0.214819 0.0465196 -0.370721 
-0.165128 0.367412 -0.171358 -0.631635 0.0233619 0.0608313 -0.06319 -0.17432 -0.0764201 
0.0592733 -0.510241 -0.201538 -0.625245 -0.350433 -0.85391 -0.862975 -0.0189064 -0.0495982 
-0.709862 -0.0295483 -0.0457287 -0.694232 -0.191489 0.371883 -0.420676 -0.52572 -0.138581 
0.139408 0.157577 -0.28644 -0.32048 -0.818431 -0.582826 -0.588464 -0.832251 -0.333817 
-0.106041 0.230579 -0.358454 -0.00528669 0.221669 -0.00924332 -0.0981926 -0.221339 -0.121683 
0.544231 0.575112 0.258296 0.288293 0.730215 0.405199 0.48353 0.139087 0.732057 
0.0540567 -0.526219 0.189728 0.00917021 0.16382 -0.291738 -0.141473 0.113203 -0.327958 
0.0912504 -0.0567277 -0.039969 -0.564676 -0.65083 -0.0655883 0.110603 -0.226645 -0.304861 
Layer 3 Weights: -0.268639 0.279285 0.185632 0.301341 -0.201389 0.229268 -0.015608 0.434848 -0.121793 
0.234304 -0.0318926 0.328529 -0.0801493 0.367358 -0.0705443 -0.155973 -0.388354 0.281119 
-0.103532 -0.361701 0.126344 -0.452218 0.357587 0.109287 -0.290426 0.266325 -0.229521 
-0.219422 0.0227424 0.0353688 0.328063 0.34973 -0.175631 -0.190946 -0.0725412 0.270629 
0.175163 0.353186 0.132077 0.0896418 0.240121 0.112767 0.0250473 0.309864 0.397465 
0.08519 0.24061 0.154174 -0.133249 -0.223896 0.0409893 -0.155714 0.400138 -0.16774 
-0.395836 -0.178956 0.468519 -0.21652 0.014241 -0.15232 0.388114 0.242121 0.40073 
-0.0289969 0.0839669 0.417724 -0.0990998 0.334026 -0.42646 -0.0670361 0.204394 0.320275 
-0.23347 -0.128024 -0.460823 -0.0908967 0.3427 0.117446 -0.461491 0.307546 0.435166 
Loss: 13.1958
Layer 1 Probabilities: 0.014132 0.0139135 0.0137231 0.0138636 0.0172226 0.0139247 0.8857 0.0140458 0.0134746 
Layer 2 Probabilities: 0.014132 0.0139135 0.0137231 0.0138636 0.0172226 0.0139247 0.8857 0.0140458 0.0134746 
Layer 3 Probabilities: 0.014132 0.0139135 0.0137231 0.0138636 0.0172226 0.0139247 0.8857 0.0140458 0.0134746 
Layer 1 Error: 1 1 1 1 1 1 1 1 1 
Layer 2 Error: 1 1 1 1 1 1 1 1 1 
Layer 3 Error: -0.014132 -0.0139135 -0.0137231 -0.0138636 -0.0172226 -0.0139247 0.1143 -0.0140458 -0.0134746 
Process: 46 | Time taken: 876 microseconds | Errors below threshold: 8/9
Layer 1 Outputs: 2.28849 2.26177 2.53657 2.44079 2.34348 3.66776 3.18839 3.40035 2.56793 
Layer 2 Outputs: -0.0346203 -0.0253813 -0.105696 -0.0627846 -0.110309 -0.0181012 11.6395 -0.0247002 -0.0461267 
Layer 3 Outputs: -0.00195055 -0.0188506 -0.0338003 -0.0227592 0.212405 -0.0179761 4.48649 -0.00858273 -0.0536338 
Layer 1 Weights: 0.0444303 -0.133753 -0.596871 -0.36182 -0.132321 -0.216596 0.729965 0.74674 0.397881 
0.417345 -0.187504 -0.317799 -0.929945 -0.253098 -0.486513 0.715696 0.423814 0.0487693 
0.53686 -0.749565 -0.532891 -0.499167 -0.452911 -0.374251 0.159851 0.118593 0.666671 
0.833989 -0.0382322 -0.679784 -0.439866 -0.512077 -0.345104 0.697799 0.0679332 0.372295 
0.0934082 -0.0773541 -0.353298 -0.611148 -0.647968 -0.618335 0.38868 0.142449 0.401915 
0.201624 -0.931454 -0.261975 -0.630422 -0.783357 -0.501754 0.746912 0.562065 0.534508 
0.657579 -0.570218 -0.154579 -0.914693 -0.844841 -0.175417 0.421226 0.667177 0.600681 
0.214598 -0.782627 -0.622254 -0.341579 -0.461255 -0.568713 0.672481 0.744127 0.697809 
0.647116 -0.576902 -0.668157 -0.0272951 -0.906966 -0.569091 0.0399758 0.523697 0.102721 
Layer 2 Weights: 0.402485 -0.34522 -0.380027 -0.354161 -0.193827 0.110448 -0.215468 0.0458873 -0.371475 
-0.166258 0.366238 -0.17238 -0.632688 0.0222657 0.0599445 -0.064114 -0.175225 -0.0774317 
0.0499294 -0.519779 -0.210006 -0.634035 -0.359575 -0.860706 -0.870247 -0.0259444 -0.0579479 
-0.719165 -0.0390193 -0.0542162 -0.703031 -0.200613 0.371023 -0.42201 -0.526769 -0.146952 
0.129664 0.147626 -0.295144 -0.329583 -0.827947 -0.589252 -0.595535 -0.839001 -0.342371 
-0.107103 0.22944 -0.359317 -0.0061997 0.220676 -0.0099479 -0.0989336 -0.222062 -0.122532 
0.553637 0.584718 0.266781 0.297114 0.739408 0.412186 0.490909 0.146272 0.740421 
0.0528881 -0.527419 0.188637 0.00805521 0.162673 -0.2927 -0.142473 0.112222 -0.32904 
0.0821843 -0.0658595 -0.0416127 -0.567981 -0.659289 -0.066039 0.110067 -0.227133 -0.306247 
Layer 3 Weights: -0.268639 0.279285 0.185632 0.301341 -0.201389 0.229268 -0.015608 0.434848 -0.121793 
0.234304 -0.0318926 0.328529 -0.0801493 0.367358 -0.0705443 -0.155973 -0.388354 0.281119 
-0.103532 -0.361701 0.126344 -0.452218 0.357587 0.109287 -0.290426 0.266325 -0.229521 
-0.219422 0.0227424 0.0353688 0.328063 0.34973 -0.175631 -0.190946 -0.0725412 0.270629 
0.175163 0.353186 0.132077 0.0896418 0.240121 0.112767 0.0250473 0.309864 0.397465 
0.08519 0.24061 0.154174 -0.133249 -0.223896 0.0409893 -0.155714 0.400138 -0.16774 
-0.395836 -0.178956 0.468519 -0.21652 0.014241 -0.15232 0.388114 0.242121 0.40073 
-0.0289969 0.0839669 0.417724 -0.0990998 0.334026 -0.42646 -0.0670361 0.204394 0.320275 
-0.23347 -0.128024 -0.460823 -0.0908967 0.3427 0.117446 -0.461491 0.307546 0.435166 
Loss: 13.2012
Layer 1 Probabilities: 0.0120776 0.011883 0.0117135 0.0118385 0.0148416 0.011893 0.90226 0.0120008 0.0114924 
Layer 2 Probabilities: 0.0120776 0.011883 0.0117135 0.0118385 0.0148416 0.011893 0.90226 0.0120008 0.0114924 
Layer 3 Probabilities: 0.0120776 0.011883 0.0117135 0.0118385 0.0148416 0.011893 0.90226 0.0120008 0.0114924 
Layer 1 Error: 1 1 1 1 1 1 1 1 1 
Layer 2 Error: 1 1 1 1 1 1 1 1 1 
Layer 3 Error: -0.0120776 -0.011883 -0.0117135 -0.0118385 -0.0148416 -0.011893 0.0977403 -0.0120008 -0.0114924 
Process: 47 | Time taken: 774 microseconds | Errors below threshold: 8/9
Layer 1 Outputs: 2.34982 2.32447 2.59475 2.50019 2.40415 3.72424 3.24487 3.45682 2.62553 
Layer 2 Outputs: -0.0355806 -0.0261023 -0.109722 -0.0655912 -0.114353 -0.0185657 12.0915 -0.025412 -0.0479595 
Layer 3 Outputs: -0.00203026 -0.0195856 -0.0351146 -0.0236489 0.220549 -0.0186759 4.66027 -0.00891897 -0.0557202 
Layer 1 Weights: 0.0551637 -0.144486 -0.607604 -0.372553 -0.143054 -0.22733 0.740699 0.757474 0.408615 
0.428318 -0.198477 -0.328772 -0.940918 -0.264072 -0.497486 0.726669 0.434787 0.0597425 
0.547042 -0.759748 -0.543074 -0.509349 -0.463093 -0.384433 0.170033 0.128775 0.676853 
0.844383 -0.0486268 -0.690178 -0.450261 -0.522472 -0.355499 0.708193 0.0783278 0.38269 
0.104026 -0.0879718 -0.363915 -0.621766 -0.658586 -0.628953 0.399298 0.153067 0.412533 
0.211507 -0.941337 -0.271858 -0.640305 -0.793241 -0.511637 0.756795 0.571948 0.544391 
0.667462 -0.580101 -0.164462 -0.924576 -0.854725 -0.1853 0.431109 0.677061 0.610564 
0.224481 -0.792511 -0.632137 -0.351462 -0.471138 -0.578597 0.682365 0.75401 0.707692 
0.657196 -0.586983 -0.678237 -0.0373753 -0.917046 -0.579171 0.0500559 0.533777 0.112801 
Layer 2 Weights: 0.401457 -0.346382 -0.380739 -0.354938 -0.194728 0.109883 -0.216062 0.0453089 -0.37217 
-0.167302 0.365151 -0.173318 -0.633655 0.0212551 0.059135 -0.0649581 -0.176052 -0.0783592 
0.0410482 -0.528853 -0.218026 -0.64237 -0.368257 -0.867105 -0.877105 -0.0325766 -0.0658522 
-0.72801 -0.0480312 -0.0622562 -0.711376 -0.209281 0.370214 -0.423267 -0.527756 -0.154878 
0.120366 0.138121 -0.303419 -0.338249 -0.83702 -0.595322 -0.602227 -0.845383 -0.3505 
-0.108089 0.228378 -0.360111 -0.00704124 0.219757 -0.0105912 -0.0996108 -0.222721 -0.123311 
0.562583 0.593862 0.274824 0.305485 0.748145 0.418771 0.497875 0.15305 0.748345 
0.0518115 -0.528527 0.187637 0.00703212 0.161619 -0.293578 -0.143386 0.111327 -0.330031 
0.0735679 -0.0745469 -0.0431631 -0.571111 -0.667321 -0.066456 0.10957 -0.227585 -0.307552 
Layer 3 Weights: -0.268639 0.279285 0.185632 0.301341 -0.201389 0.229268 -0.015608 0.434848 -0.121793 
0.234304 -0.0318926 0.328529 -0.0801493 0.367358 -0.0705443 -0.155973 -0.388354 0.281119 
-0.103532 -0.361701 0.126344 -0.452218 0.357587 0.109287 -0.290426 0.266325 -0.229521 
-0.219422 0.0227424 0.0353688 0.328063 0.34973 -0.175631 -0.190946 -0.0725412 0.270629 
0.175163 0.353186 0.132077 0.0896418 0.240121 0.112767 0.0250473 0.309864 0.397465 
0.08519 0.24061 0.154174 -0.133249 -0.223896 0.0409893 -0.155714 0.400138 -0.16774 
-0.395836 -0.178956 0.468519 -0.21652 0.014241 -0.15232 0.388114 0.242121 0.40073 
-0.0289969 0.0839669 0.417724 -0.0990998 0.334026 -0.42646 -0.0670361 0.204394 0.320275 
-0.23347 -0.128024 -0.460823 -0.0908967 0.3427 0.117446 -0.461491 0.307546 0.435166 
Loss: 13.2051
Layer 1 Probabilities: 0.0103008 0.0101282 0.00997787 0.0100886 0.0127633 0.010137 0.91659 0.0102327 0.00978192 
Layer 2 Probabilities: 0.0103008 0.0101282 0.00997787 0.0100886 0.0127633 0.010137 0.91659 0.0102327 0.00978192 
Layer 3 Probabilities: 0.0103008 0.0101282 0.00997787 0.0100886 0.0127633 0.010137 0.91659 0.0102327 0.00978192 
Layer 1 Error: 1 1 1 1 1 1 1 1 1 
Layer 2 Error: 1 1 1 1 1 1 1 1 1 
Layer 3 Error: -0.0103008 -0.0101282 -0.00997787 -0.0100886 -0.0127633 -0.010137 0.0834104 -0.0102327 -0.00978192 
Process: 48 | Time taken: 884 microseconds | Errors below threshold: 8/9
Layer 1 Outputs: 2.41105 2.38705 2.65288 2.55952 2.46473 3.78068 3.30132 3.51327 2.68309 
Layer 2 Outputs: -0.0365332 -0.0268126 -0.113715 -0.0683848 -0.118371 -0.0190221 12.5403 -0.0261119 -0.0497856 
Layer 3 Outputs: -0.00210932 -0.0203152 -0.0364191 -0.024532 0.228633 -0.0193705 4.83277 -0.00925276 -0.0577913 
Layer 1 Weights: 0.065879 -0.155202 -0.61832 -0.383269 -0.15377 -0.238045 0.751414 0.768189 0.41933 
0.43927 -0.209429 -0.339723 -0.95187 -0.275023 -0.508438 0.73762 0.445738 0.0706942 
0.557215 -0.769921 -0.553247 -0.519522 -0.473266 -0.394606 0.180206 0.138948 0.687026 
0.854765 -0.0590087 -0.70056 -0.460643 -0.532854 -0.365881 0.718575 0.0887097 0.393072 
0.114627 -0.0985733 -0.374517 -0.632367 -0.669187 -0.639554 0.409899 0.163668 0.423134 
0.221386 -0.951215 -0.281737 -0.650184 -0.803119 -0.521516 0.766673 0.581827 0.55427 
0.67734 -0.589979 -0.174341 -0.934455 -0.864603 -0.195178 0.440987 0.686939 0.620443 
0.234359 -0.802389 -0.642015 -0.36134 -0.481016 -0.588475 0.692243 0.763888 0.71757 
0.667268 -0.597055 -0.68831 -0.0474475 -0.927118 -0.589243 0.0601281 0.543849 0.122874 
Layer 2 Weights: 0.400497 -0.34747 -0.381396 -0.355657 -0.195566 0.109368 -0.216605 0.0447799 -0.37281 
-0.168265 0.364146 -0.174177 -0.634544 0.0203241 0.0583962 -0.0657292 -0.176806 -0.0792093 
0.0326332 -0.537457 -0.225599 -0.650251 -0.376476 -0.873115 -0.883554 -0.0388095 -0.0733131 
-0.736393 -0.0565791 -0.0698498 -0.719267 -0.217488 0.369456 -0.424449 -0.528683 -0.16236 
0.111521 0.129073 -0.311263 -0.346473 -0.845643 -0.601041 -0.608543 -0.851402 -0.358201 
-0.109003 0.227392 -0.36084 -0.00781628 0.218907 -0.0111784 -0.10023 -0.223323 -0.124027 
0.571066 0.60254 0.282424 0.313405 0.756421 0.42496 0.504432 0.159425 0.75583 
0.0508205 -0.529548 0.186722 0.00609389 0.16065 -0.294379 -0.14422 0.11051 -0.330939 
0.0654047 -0.0827848 -0.0446216 -0.574068 -0.674922 -0.0668411 0.109109 -0.228003 -0.308778 
Layer 3 Weights: -0.268639 0.279285 0.185632 0.301341 -0.201389 0.229268 -0.015608 0.434848 -0.121793 
0.234304 -0.0318926 0.328529 -0.0801493 0.367358 -0.0705443 -0.155973 -0.388354 0.281119 
-0.103532 -0.361701 0.126344 -0.452218 0.357587 0.109287 -0.290426 0.266325 -0.229521 
-0.219422 0.0227424 0.0353688 0.328063 0.34973 -0.175631 -0.190946 -0.0725412 0.270629 
0.175163 0.353186 0.132077 0.0896418 0.240121 0.112767 0.0250473 0.309864 0.397465 
0.08519 0.24061 0.154174 -0.133249 -0.223896 0.0409893 -0.155714 0.400138 -0.16774 
-0.395836 -0.178956 0.468519 -0.21652 0.014241 -0.15232 0.388114 0.242121 0.40073 
-0.0289969 0.0839669 0.417724 -0.0990998 0.334026 -0.42646 -0.0670361 0.204394 0.320275 
-0.23347 -0.128024 -0.460823 -0.0908967 0.3427 0.117446 -0.461491 0.307546 0.435166 
Loss: 13.208
Layer 1 Probabilities: 0.00877332 0.00862065 0.00848781 0.00858569 0.0109605 0.00862849 0.928916 0.00871309 0.00831471 
Layer 2 Probabilities: 0.00877332 0.00862065 0.00848781 0.00858569 0.0109605 0.00862849 0.928916 0.00871309 0.00831471 
Layer 3 Probabilities: 0.00877332 0.00862065 0.00848781 0.00858569 0.0109605 0.00862849 0.928916 0.00871309 0.00831471 
Layer 1 Error: 1 1 1 1 1 1 1 1 1 
Layer 2 Error: 1 1 1 1 1 1 1 1 1 
Layer 3 Error: -0.00877332 -0.00862065 -0.00848781 -0.00858569 -0.0109605 -0.00862849 0.0710842 -0.00871309 -0.00831471 
Process: 49 | Time taken: 898 microseconds | Errors below threshold: 8/9
Layer 1 Outputs: 2.47218 2.44951 2.71096 2.61877 2.52521 3.8371 3.35773 3.56969 2.7406 
Layer 2 Outputs: -0.0374784 -0.0275127 -0.117669 -0.0711608 -0.122359 -0.0194704 12.9851 -0.0268004 -0.0516023 
Layer 3 Outputs: -0.00218765 -0.0210385 -0.0377124 -0.0254075 0.236647 -0.020059 5.00378 -0.00958366 -0.0598445 
Layer 1 Weights: 0.0765764 -0.165899 -0.629017 -0.393966 -0.164467 -0.248742 0.762111 0.778886 0.430027 
0.4502 -0.220359 -0.350654 -0.9628 -0.285953 -0.519368 0.748551 0.456669 0.0816243 
0.567378 -0.780084 -0.56341 -0.529685 -0.48343 -0.404769 0.19037 0.149112 0.697189 
0.865134 -0.0693777 -0.710929 -0.471012 -0.543223 -0.37625 0.728944 0.0990787 0.403441 
0.125212 -0.109158 -0.385102 -0.642952 -0.679772 -0.650139 0.420485 0.174253 0.433719 
0.231259 -0.961088 -0.29161 -0.660057 -0.812992 -0.531389 0.776547 0.5917 0.564143 
0.687214 -0.599852 -0.184214 -0.944328 -0.874476 -0.205052 0.450861 0.696812 0.630316 
0.244233 -0.812262 -0.651888 -0.371213 -0.490889 -0.598348 0.702116 0.773761 0.727444 
0.677332 -0.607119 -0.698374 -0.0575118 -0.937183 -0.599307 0.0701924 0.553914 0.132938 
Layer 2 Weights: 0.399601 -0.348487 -0.382001 -0.356321 -0.196345 0.108896 -0.217102 0.0442964 -0.373398 
-0.169153 0.363218 -0.174965 -0.63536 0.0194671 0.0577223 -0.0664332 -0.177495 -0.079988 
0.0246832 -0.545592 -0.232731 -0.657681 -0.384234 -0.878744 -0.889605 -0.0446524 -0.0803363 
-0.744313 -0.0646627 -0.0770021 -0.726709 -0.225238 0.368747 -0.425557 -0.529551 -0.169405 
0.103132 0.120484 -0.318678 -0.354256 -0.853815 -0.606415 -0.614488 -0.857063 -0.365478 
-0.109851 0.226475 -0.36151 -0.00852952 0.218122 -0.0117141 -0.100795 -0.223873 -0.124683 
0.579086 0.61075 0.289586 0.320877 0.76424 0.430763 0.510588 0.165406 0.762881 
0.0499088 -0.530489 0.185884 0.00523394 0.15976 -0.295109 -0.14498 0.109765 -0.331769 
0.0576937 -0.090573 -0.0459901 -0.576851 -0.682097 -0.0671966 0.108682 -0.22839 -0.309926 
Layer 3 Weights: -0.268639 0.279285 0.185632 0.301341 -0.201389 0.229268 -0.015608 0.434848 -0.121793 
0.234304 -0.0318926 0.328529 -0.0801493 0.367358 -0.0705443 -0.155973 -0.388354 0.281119 
-0.103532 -0.361701 0.126344 -0.452218 0.357587 0.109287 -0.290426 0.266325 -0.229521 
-0.219422 0.0227424 0.0353688 0.328063 0.34973 -0.175631 -0.190946 -0.0725412 0.270629 
0.175163 0.353186 0.132077 0.0896418 0.240121 0.112767 0.0250473 0.309864 0.397465 
0.08519 0.24061 0.154174 -0.133249 -0.223896 0.0409893 -0.155714 0.400138 -0.16774 
-0.395836 -0.178956 0.468519 -0.21652 0.014241 -0.15232 0.388114 0.242121 0.40073 
-0.0289969 0.0839669 0.417724 -0.0990998 0.334026 -0.42646 -0.0670361 0.204394 0.320275 
-0.23347 -0.128024 -0.460823 -0.0908967 0.3427 0.117446 -0.461491 0.307546 0.435166 
Loss: 13.21
Layer 1 Probabilities: 0.00746654 0.00733183 0.00721471 0.00730098 0.00940437 0.00733876 0.939467 0.00741339 0.00706215 
Layer 2 Probabilities: 0.00746654 0.00733183 0.00721471 0.00730098 0.00940437 0.00733876 0.939467 0.00741339 0.00706215 
Layer 3 Probabilities: 0.00746654 0.00733183 0.00721471 0.00730098 0.00940437 0.00733876 0.939467 0.00741339 0.00706215 
Layer 1 Error: 1 1 1 1 1 1 1 1 1 
Layer 2 Error: 1 1 1 1 1 1 1 1 1 
Layer 3 Error: -0.00746654 -0.00733183 -0.00721471 -0.00730098 -0.00940437 -0.00733876 0.0605327 -0.00741339 -0.00706215 
Process: 50 | Time taken: 896 microseconds | Errors below threshold: 8/9
Layer 1 Outputs: 2.53321 2.51185 2.76898 2.67795 2.58561 3.89349 3.41412 3.62608 2.79806 
Layer 2 Outputs: -0.038416 -0.0282028 -0.121581 -0.073915 -0.126311 -0.0199111 13.4255 -0.0274777 -0.053407 
Layer 3 Outputs: -0.00226516 -0.0217548 -0.0389929 -0.0262745 0.244582 -0.0207407 5.17311 -0.00991133 -0.0618775 
Layer 1 Weights: 0.0872557 -0.176578 -0.639696 -0.404645 -0.175146 -0.259422 0.772791 0.789566 0.440707 
0.461108 -0.231267 -0.361562 -0.973708 -0.296862 -0.530276 0.759459 0.467577 0.0925328 
0.577532 -0.790238 -0.573564 -0.539839 -0.493583 -0.414923 0.200523 0.159265 0.707343 
0.87549 -0.0797339 -0.721285 -0.481368 -0.553579 -0.386606 0.7393 0.109435 0.413797 
0.135781 -0.119727 -0.395671 -0.653521 -0.690341 -0.660708 0.431054 0.184822 0.444288 
0.241127 -0.970957 -0.301478 -0.669925 -0.82286 -0.541257 0.786415 0.601568 0.574011 
0.697082 -0.609721 -0.194082 -0.954196 -0.884344 -0.21492 0.460729 0.70668 0.640184 
0.254101 -0.82213 -0.661757 -0.381082 -0.500758 -0.608216 0.711984 0.78363 0.737312 
0.687388 -0.617175 -0.70843 -0.067568 -0.947239 -0.609364 0.0802487 0.56397 0.142994 
Layer 2 Weights: 0.398768 -0.349437 -0.382557 -0.356934 -0.197067 0.108466 -0.217557 0.0438546 -0.37394 
-0.169972 0.36236 -0.175687 -0.636109 0.0186788 0.0571078 -0.0670757 -0.178123 -0.080701 
0.0171927 -0.553263 -0.23943 -0.664667 -0.391539 -0.884005 -0.895267 -0.0501172 -0.0869308 
-0.751778 -0.0722864 -0.0837217 -0.733707 -0.232535 0.368085 -0.426594 -0.530362 -0.176021 
0.0951972 0.112353 -0.325668 -0.361604 -0.861539 -0.611455 -0.620071 -0.862375 -0.372336 
-0.110635 0.225625 -0.362124 -0.00918538 0.217398 -0.0122027 -0.101311 -0.224375 -0.125284 
0.586647 0.618497 0.296318 0.327908 0.771607 0.43619 0.516354 0.171004 0.769506 
0.0490708 -0.531355 0.185118 0.00444617 0.158943 -0.295774 -0.145674 0.109085 -0.332527 
0.0504295 -0.0979157 -0.0472713 -0.579465 -0.688849 -0.0675242 0.108287 -0.228747 -0.311001 
Layer 3 Weights: -0.268639 0.279285 0.185632 0.301341 -0.201389 0.229268 -0.015608 0.434848 -0.121793 
0.234304 -0.0318926 0.328529 -0.0801493 0.367358 -0.0705443 -0.155973 -0.388354 0.281119 
-0.103532 -0.361701 0.126344 -0.452218 0.357587 0.109287 -0.290426 0.266325 -0.229521 
-0.219422 0.0227424 0.0353688 0.328063 0.34973 -0.175631 -0.190946 -0.0725412 0.270629 
0.175163 0.353186 0.132077 0.0896418 0.240121 0.112767 0.0250473 0.309864 0.397465 
0.08519 0.24061 0.154174 -0.133249 -0.223896 0.0409893 -0.155714 0.400138 -0.16774 
-0.395836 -0.178956 0.468519 -0.21652 0.014241 -0.15232 0.388114 0.242121 0.40073 
-0.0289969 0.0839669 0.417724 -0.0990998 0.334026 -0.42646 -0.0670361 0.204394 0.320275 
-0.23347 -0.128024 -0.460823 -0.0908967 0.3427 0.117446 -0.461491 0.307546 0.435166 
Loss: 13.2115
Layer 1 Probabilities: 0.00635271 0.00623408 0.006131 0.0062069 0.00806648 0.00624019 0.948466 0.0063059 0.0059968 
Layer 2 Probabilities: 0.00635271 0.00623408 0.006131 0.0062069 0.00806648 0.00624019 0.948466 0.0063059 0.0059968 
Layer 3 Probabilities: 0.00635271 0.00623408 0.006131 0.0062069 0.00806648 0.00624019 0.948466 0.0063059 0.0059968 
Layer 1 Error: 1 1 1 1 1 1 1 1 1 
Layer 2 Error: 1 1 1 1 1 1 1 1 1 
Layer 3 Error: -0.00635271 -0.00623408 -0.006131 -0.0062069 -0.00806648 -0.00624019 0.0515341 -0.0063059 -0.0059968 
Process: 51 | Time taken: 827 microseconds | Errors below threshold: 9/9
Benchmark test has been successfully completed.